0
347
363
372
388
397
409
414
433
440
495
504
504
504
534
548
548
556
568
568
582
594
656
665
681
696
761
823
827
838
849
864
883
888
889
893
894
904
904
911
923
962
980
980
980
983
994
998
999
1018
1021
1031
1034
1035
1062
1065
1079
1148
1160
1163
1179
1185
1186
1209
1213
1219
1227
1237
1298
1306
1310
1311
1313
1329
1334
1334
1344
1345
1349
1356
1363
1382
1384
1410
1412
1419
1429
1434
1443
1454
1459
1460
1466
1481
1486
1502
1505
1512
1514
1553
1563
1570
1583
1587
1598
1621
1629
1634
1898
1907
1934
1936
1944
1945
1973
1973
1986
1995
1998
2022
2062
2065
2071
2115
2124
2126
2128
2130
2142
2161
2165
2174
2179
2188
2199
2208
2215
2227
2236
2236
2243
2247
2261
2285
2291
2297
2298
2303
2305
2313
2319
2325
2327
2330
2331
2332
2333
2338
2338
2350
2359
2360
2373
2377
2379
2380
2385
2388
2391
2396
2411
2438
2441
2465
2472
2473
2481
2485
2488
2497
2497
2508
2514
2515
2515
2524
2536
2558
2566
2589
2590
2591
2591
2592
2593
2602
2607
2614
2621
2631
2656
2678
2679
2680
2706
2716
2716
2717
2718
2722
2722
2722
2738
2746
2765
2771
2771
2772
2773
2777
2778
2780
2783
2787
2797
2808
2810
2814
2817
2818
2819
2821
2828
2836
2837
2838
2838
2852
2852
2861
2879
2879
2879
2887
2890
2891
2892
2899
2899
2906
2914
2916
2920
2941
2941
2946
2946
2946
2954
2958
2959
2961
2972
2973
2974
2974
2981
2984
2984
2986
2987
2987
3007
3017
3020
3022
3024
3025
3042
3042
3042
3051
3054
3054
3054
3057
3066
3066
3066
3067
3067
3070
3074
3074
3074
3074
3074
3074
3077
3077
3081
3083
3084
3087
3090
3099
3100
3101
3101
3106
3107
3108
3110
3112
3117
3118
3124
3124
3124
3125
3126
3128
3128
3134
3136
3140
3141
3142
3142
3142
3143
3144
3145
3145
3146
3147
3147
3147
3147
3147
3149
3149
3149
3149
3149
3149
3149
3149
3149
3374
3378
3398
3401
3423
3489
3514
3551
3553
3570
3570
3593
3635
3654
3671
3733
3739
3743
3802
3830
3860
3883
3950
3952
3968
4053
4115
4129
4235
4236
4288
4289
4298
4308
4317
4318
4320
4326
4328
4358
4389
4412
4415
4467
4503
4507
4535
4604
4624
4661
4688
4692
4754
4754
4799
4812
4852
4859
4861
4873
4914
4938
4947
4948
5022
5032
5176
5192
5208
5252
5269
5307
5329
5343
5391
5436
5446
5460
5472
5477
5543
5551
5574
5619
5656
5662
5683
5689
5729
5737
5785
5817
5826
5829
5835
5836
5861
5875
5886
5886
5887
5892
5906
5921
5944
5946
5947
5968
5999
6010
6025
6030
6064
6094
6103
6122
6123
6164
6170
6172
6172
6182
6188
6202
6204
6217
6226
6278
6279
6284
6287
6306
6310
6318
6331
6407
6444
6446
6451
6460
6471
6478
6482
6484
6514
6536
6545
6552
6569
6598
6599
6600
6636
6637
6639
6659
6682
6686
6712
6733
6739
6743
6750
6760
6771
6804
6823
6842
6846
6872
6875
6881
6892
6893
6898
6906
6923
6937
6957
6963
6966
6968
6968
6977
6978
6978
6979
6979
6982
6990
7005
7007
7009
7011
7021
7026
7041
7048
7052
7055
7057
7058
7058
7059
7059
7080
7081
7082
7089
7090
7092
7105
7107
7117
7117
7126
7126
7126
7136
7145
7145
7145
7145
7145
7145
7176
7185
7195
7208
7229
7250
7284
7299
7300
7318
7338
7350
7350
7354
7359
7370
7387
7395
7405
7438
7438
7439
7453
7472
7488
7500
7518
7534
7541
7541
7553
7560
7571
7589
7589
7589
7603
7603
7612
7620
7620
7625
7640
7653
7666
7679
7691
7699
7701
7707
7712
7712
7719
7726
7740
7747
7750
7765
7769
7781
7786
7790
7800
7808
7829
7829
7831
7841
7851
7851
7860
7864
7869
7870
7878
7878
7879
7886
7895
7895
7903
7912
7913
7913
7914
7921
7927
7927
7932
7936
7936
7938
7940
7941
7941
7941
7942
7944
7944
7945
7945
7945
7946
7947
7950
7953
7954
7956
7956
7956
7956
7956
7956
8126
8153
8196
8203
8211
8216
8216
8229
8280
8317
8344
8389
8454
8455
8460
8477
8483
8522
8526
8590
8604
8613
8639
8653
8659
8674
8684
8742
8751
8759
8770
8773
8797
8848
8862
8864
8872
8882
8917
8922
8947
8965
8997
9008
9016
9032
9041
9047
9062
9066
9074
9084
9099
9119
9124
9136
9142
9144
9145
9180
9183
9221
9232
9233
9234
9239
9261
9268
9284
9297
9301
9302
9313
9315
9331
9337
9344
9352
9368
9376
9394
9398
9404
9412
9424
9431
9439
9458
9475
9475
9482
9487
9493
9502
9516
9539
9544
9552
9566
9567
9570
9581
9582
9586
9587
9591
9604
9611
9613
9618
9622
9630
9632
9636
9650
9650
9652
9657
9667
9691
9696
9702
9703
9705
9715
9718
9722
9723
9729
9742
9744
9749
9751
9763
9773
9774
9777
9790
9807
9811
9814
9820
9838
9842
9852
9853
9853
9853
9857
9859
9860
9861
9863
9863
9865
9865
9866
9866
9867
9868
9868
9869
9869
9869
9869
9869
9870
9870
9870
9870
9880
9884
9888
9889
9889
9894
9897
9903
9905
9906
9910
9916
9916
9917
9922
9925
9929
9931
9933
9933
9938
9939
9942
9944
9944
9945
9947
9947
9948
9949
9950
9950
9951
9951
9951
9951
9951
9951
9951
9951
9981
9994
10006
10006
10009
10016
10026
10031
10031
10034
10047
10050
10053
10058
10059
10059
10060
10065
10067
10071
10099
10130
10130
10136
10137
10153
10157
10158
10170
10196
10201
10209
10210
10210
10216
10218
10228
10233
10243
10244
10248
10249
10252
10253
10254
10264
10277
10279
10287
10287
10314
10328
10332
10338
10338
10340
10352
10367
10379
10383
10385
10394
10396
10408
10431
10434
10436
10439
10444
10447
10465
10479
10484
10489
10491
10495
10501
10502
10505
10510
10511
10516
10526
10527
10542
10551
10564
10574
10580
10583
10583
10583
10586
10593
10593
10594
10596
10610
10613
10618
10619
10629
10630
10642
10644
10648
10649
10658
10668
10669
10688
10692
10693
10704
10708
10715
10719
10721
10734
10740
10740
10756
10760
10769
10776
10784
10785
10786
10796
10798
10801
10801
10806
10812
10814
10815
10823
10823
10823
10826
10830
10834
10834
10836
10843
10849
10851
10853
10855
10856
10856
10860
10868
10877
10878
10880
10884
10885
10891
10891
10894
10894
10895
10906
10910
10910
10910
10913
10914
10914
10919
10924
10925
10926
10928
10928
10929
10929
10933
10939
10947
10947
10958
10965
10970
10971
10974
10982
10982
10984
10994
10994
10995
10995
10997
10997
10999
10999
10999
11000
11000
11001
11001
11003
11005
11009
11010
11010
11013
11013
11015
11021
11021
11021
11021
11021
11021
11022
11022
11023
11023
11027
11027
11027
11028
11028
11028
11031
11033
11035
11037
11037
11037
11037
11038
11038
11038
11038
11038
11038
11038
11038
11038
11038
11038
11038
11038
11038
11038
11038
11038
11038
11038
11038
11038
11038
11038
11038
11038
11038
11038
11038
11038
11038
11038
11038
11038
11038
11038
11038
11038
11038
11038
11038
11038
11038
11038
11038
11038
11038
11038
11038
11038
11038
11038
11038
11038
11038
11038
11038
11038
11038
11038
11038
11038
11038
11038
11038
11038
11038
11038
11038
11038
11038
11038
11038
11038
11038
11038
11038
11038
11038
11038
11038
11038
11038
11038
11038
11038
11038
11038
11038
11038
11038
11038
11038
11038
11038
11038
11038
11038
11038
11038
11038
11038
11038
11038
11038
11038
11038
11038
11038
11038
11038
11038
11038
11038
11038
11038
11038
11038
11038
11038
11038
11038
11038
11038
11038
11038
11038
11038
11038
11038
11038
11038
11038
11038
11038
11038
11038
11038
11038
11038
11038
11038
11038
11038
11038
11038
11038
11038
11038
11038
11038
11038
11038
11038
11038
11038
11038
11038
11038
11038
11038
11038
11038
11038
11038
11038
11038
11038
11038
11038
11038
11038
11038
11038
11038
11038
11038
11038
11038
11038
11038
11038
11038
11038
11038
11038
11038
11038
11038
11038
11038
11038
11038
11038
11038
11038
11038
11038
11038
11038
11038
11038
11038
11038
11038
11038
11038
11038
11038
11038
11038
11038
11038
11038
11038
11038
11038
11038
11038
11038
11038
11038
11038
11038
11038
11038
11038
11038
11038
11038
11038
11038
11038
11038
11038
11038
11038
11038
11038
11038
11038
11038
11038
11038
11038
11038
11038
11038
11038
11038
11038
11038
11038
11038
11038
11038
11038
11038
11038
11038
11038
11038
11038
11038
11038
11038
11038
11038
11038
11038
11038
11038
11038
11038
11038
11038
11038
11038
11038
11038
11038
11038
11038
11038
11038
11038
11038
11038
11038
11038
11038
11038
11038
11038
11038
11038
11038
11038
11038
11038
11038
11038
11038
11038
11038
11038
11038
11038
11038
11038
11038
11038
11038
11038
11038
11038
11038
11038
11038
11038
11038
11038
11038
11038
11038
11038
11038
11038
11038
11038
11038
11038
11038
11038
11038
11038
11038
11038
11038
11038
11038
11038
11038
11038
11038
11038
11038
11038
11038
11038
11038
11038
11038
11038
11038
11038
11038
11038
11038
11038
11038
11038
11038
11038
11038
11038
11038
11038
11038
11038
11038
11038
11038
11038
11038
11038
11038
11038
11038
11038
11038
11038
11038
11038
11038
11038
11038
11038
11038
11038
11038
11038
11038
11038
11038
11038
11038
11038
11038
11038
11038
11038
11038
11038
11038
11038
11038
11038
11038
11038
11038
11038
11038
11038
11038
11038
11038
11038
11038
11038
11038
11038
11038
11038
11038
11038
11038
11038
11038
11038
11038
11038
11038
11038
11038
11038
11038
11038
11038
11038
11038
11038
11038
11038
11038
11038
11038
11038
11038
11038
11038
11038
11038
11038
11038
11038
11038
11038
11038
11038
11038
11038
11038
11038
11038
11038
11038
11038
11038
11038
11038
11038
11038
11038
11038
11038
11038
11038
11038
11038
11038
11038
11038
11038
11038
11038
11038
11038
11038
11038
11038
11038
11038
11038
11038
11038
11038
11038
11038
11038
11038
11038
11038
11038
11038
11038
11038
11038
11038
11038
11038
11038
11038
11038
11038
11038
11038
11038
11038
11038
11038
11038
11038
11038
11038
11038
11038
11038
11038
11038
11038
11038
11038
11038
11038
11038
11038
11038
11038
11038
11038
11038
11038
11038
11038
11038
11038
11038
11038
11038
11038
11038
11038
11038
11038
11038
11038
11038
11038
11038
11038
11038
11038
11038
11038
11038
11038
11038
11038
11038
11038
11038
11038
11038
11038
11038
11038
11038
11038
11038
11038
11038
11038
11038
11038
11038
11038
11038
11038
11038
11038
11038
11038
11038
11038
11038
11038
11038
11038
11038
11038
11038
11038
11038
11038
11038
11038
11038
11038
11038
11038
11038
11038
11038
11038
11038
11038
11038
11038
11038
11038
11038
11038
11038
11038
11038
11038
11038
11038
11038
11038
11038
11038
11038
11038
11038
11038
11038
11038
11038
11038
11038
11038
11038
11038
11038
11038
11038
11038
11038
11038
11038
11038
11038
11038
11038
11038
11038
11038
11038
11038
11038
11038
11038
11038
11038
11038
11038
11038
11038
11038
11038
11038
11038
11038
11038
11038
11038
11038
11038
11038
11038
11038
11038
11038
11038
11038
11038
11038
11038
11038
11038
11038
11038
11038
11038
11038
11038
11038
11038
11038
11038
11038
11038
11038
11038
11038
11038
11038
11038
11038
11038
11038
11038
11038
11038
11038
11038
11038
11038
11038
11038
11038
11038
11038
11038
11038
11038
11038
11038
11038
11038
11038
11038
11038
11038
11038
11038
11038
11038
11038
11038
11038
11038
11038
11038
11038
11038
11038
11038
11038
11038
11038
11038
11038
11038
11038
11038
11038
11038
11038
11038
11038
11038
11038
11038
11038
11038
11038
11038
11038
11038
11038
11038
11038
11038
11038
11038
11038
11038
11038
11038
11038
11038
11038
11038
11038
11038
11038
11038
11038
11038
11038
11038
11038
11038
11038
11038
11038
11038
11038
11038
11038
11038
11038
11038
11038
11038
11038
11038
11038
11038
11038
11038
11038
11038
11038
11038
11038
11038
11038
11038
11038
11038
11038
11038
11038
11038
11038
11038
11038
11038
11038
11038
11038
11038
11038
11038
11038
11038
11038
11038
11038
11038
11038
11038
11038
11038
11038
11038
11038
11038
11038
11038
11038
11038
11038
11038
11038
11038
11038
11038
11038
11038
11038
11038
11038
11038
11038
11038
11038
11038
11038
11038
11038
11038
11038
11038
11038
11038
11038
11038
11038
11038
11038
11038
11038
11038
11038
11038
11038
11038
11038
11038
11038
11038
11038
11038
11038
11038
11038
11038
11038
11038
11038
11038
11038
11038
11038
11038
11038
11038
11038
11038
11038
11038
11038
11038
11038
11038
11038
11038
11038
11038
11038
11038
11038
11038
11038
11038
11038
11038
11038
11038
11038
11038
11038
11038
11038
11038
11038
11038
11038
11038
11038
11038
11038
11038
11038
11038
11038
11038
11038
11038
11038
11038
11038
11038
11038
11038
11038
11038
11038
11038
11038
11038
11038
11038
11038
11038
11038
11038
11038
11038
11038
11038
11038
11038
11038
11038
11038
11038
11038
11038
11038
11038
11038
11038
11038
11038
11038
11038
11038
11038
11038
11038
11038
11038
11038
11038
11038
11038
11038
11038
11038
11038
11038
11038
11038
11038
11038
11038
11038
11038
11038
11038
11038
11038
11038
11038
11038
11038
11038
11038
11038
11038
11038
11038
11038
11038
11038
11038
11038
11038
11038
11038
11038
11038
11038
11038
11038
11038
11038
11038
11038
11038
11038
11038
11038
11038
11038
11038
11038
11038
11038
11038
11038
11038
11038
11038
11038
11038
11038
11038
11038
11038
11038
11038
11038
11038
11038
11038
11038
11038
11038
11038
11038
11038
11038
11038
11038
11038
11038
11038
11038
11038
11038
11038
11038
11038
11038
11038
11038
11038
11038
11038
11038
11038
11038
11038
11038
11038
11038
11038
11038
11038
11038
11038
11038
11038
11038
11038
11038
11038
11038
11038
11038
11038
11038
11038
11038
11038
11038
11038
11038
11038
11038
11038
11038
11038
11038
11038
11038
11038
11038
11038
11038
11038
11038
11038
11038
11038
11038
11038
11038
11038
11038
11038
11038
11038
11038
11038
11038
11038
11038
11038
11038
11038
11038
11038
11038
11038
11038
11038
11038
11038
11038
11038
11038
11038
11038
11038
11038
11038
11038
11038
11038
11038
11038
11038
11038
11038
11038
11038
11038
11038
11038
11038
11038
11038
11038
11038
11038
11038
11038
11038
11038
11038
11038
11038
11038
11038
11038
11038
11038
11038
11038
11038
11038
11038
11038
11038
11038
11038
11038
11038
11038
11038
11038
11038
11038
11038
11038
11038
11038
11038
11038
11038
11038
11038
11038
11038
11038
11038
11038
11038
11038
11038
11038
11038
11038
11038
11038
11038
11038
11038
11038
11038
11038
11038
11038
11038
11038
11038
11038
11038
11038
11038
11038
11038
11038
11038
11038
11038
11038
11038
11038
11038
11038
11038
11038
11038
11038
11038
11038
11038
11038
11038
11038
11038
11038
11038
11038
11038
11038
11038
11038
11038
11038
11038
11038
11038
11038
11038
11038
11038
11038
11038
11038
11038
11038
11038
11038
11038
11038
11038
11038
11038
11038
11038
11038
11038
11038
11038
11038
11038
11038
11038
11038
11038
11038
11038
11038
11038
11038
11038
11038
11038
11038
11038
11038
11038
11038
11038
11038
11038
11038
11038
11038
11038
11038
11038
11038
11038
11038
11038
11038
11038
11038
11038
11038
11038
11038
11038
11038
11038
11038
11038
11038
11038
11038
11038
11038
11038
11038
11038
11038
11038
11038
11038
11038
11038
11038
11038
11038
11038
11038
11038
11038
11038
11038
11038
11038
11038
11038
11038
11038
11038
11038
11038
11038
11038
11038
11038
11038
11038
11038
11038
11038
11038
11038
11038
11038
11038
11038
11038
11038
11038
11038
11038
11038
11038
11038
11038
11038
11038
11038
11038
11038
11038
11038
11038
11038
11038
11038
11038
11038
11038
11038
11038
11038
11038
11038
11038
11038
11038
11038
11038
11038
11038
11038
11038
11038
11038
11038
11038
11038
11038
11038
11038
11038
11038
11038
11038
11038
11038
11038
11038
11038
11038
11038
11038
11038
11038
11038
11038
11038
11038
11038
11038
11038
11038
11038
11038
11038
11038
11038
11038
11038
11038
11038
11038
11038
11038
11038
11038
11038
11038
11038
11038
11038
11038
11038
11038
11038
11038
11038
11038
11038
11038
11038
11038
11038
11038
11038
11038
11038
11038
11038
11038
11038
11038
11038
11038
11038
11038
11038
11038
11038
11038
11038
11038
11038
11038
11038
11038
11038
11038
11038
11038
11038
11038
11038
11038
11038
11038
11038
11038
11038
11038
11038
11038
11038
11038
11038
11038
11038
11038
11038
11038
11038
11038
11038
11038
11038
11038
11038
11038
11038
11038
11038
11038
11038
11038
11038
11038
11038
11038
11038
11038
11038
11038
11038
11038
11038
11038
11038
11038
11038
11038
11038
11038
11038
11038
11038
11038
11038
11038
11038
11038
11038
11038
11038
11038
11038
11038
11038
11038
11038
11038
11038
11038
11038
11038
11038
11038
11038
11038
11038
11038
11038
11038
11038
11038
11038
11038
11038
11038
11038
11038
11038
11038
11038
11038
11038
11038
11038
11038
11038
11038
11038
11038
11038
11038
11038
11038
11038
11038
11038
11038
11038
11038
11038
11038
11038
11038
11038
11038
11038
11038
11038
11038
11038
11038
11038
11038
11038
11038
11038
11038
11038
11038
11038
11038
11038
11038
11038
11038
11038
11038
11038
11038
11038
11038
11038
11038
11038
11038
11038
11038
11038
11038
11038
11038
11038
11038
11038
11038
11038
11038
11038
11038
11038
11038
11038
11038
11038
11038
11038
11038
11038
11038
11038
11038
11038
11038
11038
11038
11038
11038
11038
11038
11038
11038
11038
11038
11038
11038
11038
11038
11038
11038
11038
11038
11038
11038
11038
11038
11038
11038
11038
11038
11038
11038
11038
11038
11038
11038
11038
11038
11038
11038
11038
11038
11038
11038
11038
11038
11038
11038
11038
11038
11038
11038
11038
11038
11038
11038
11038
11038
11038
11038
11038
11038
11038
11038
11038
11038
11038
11038
11038
11038
11038
11038
11038
11038
11038
11038
11038
11038
11038
11038
11038
11038
11038
11038
11038
11038
11038
11038
11038
11038
11038
11038
11038
11038
11038
11038
11038
11038
11038
11038
11038
11038
11038
11038
11038
11038
11038
11038
11038
11038
11038
11038
11038
11038
11038
11038
11038
11038
11038
11038
11038
11038
11038
11038
11038
11038
11038
11038
11038
11038
11038
11038
11038
11038
11038
11038
11038
11038
11038
11038
11038
11038
11038
11038
11038
11038
11038
11038
11038
11038
11038
11038
11038
11038
11038
11038
11038
11038
11038
11038
11038
11038
11038
11038
11038
11038
11038
11038
11038
11038
11038
11038
11038
11038
11038
11038
11038
11038
11038
11038
11038
11038
11038
11038
11038
11038
11038
11038
11038
11038
11038
11038
11038
11038
11038
11038
11038
11038
11038
11038
11038
11038
11038
11038
11038
11038
11038
11038
11038
11038
11038
11038
11038
11038
11038
11038
11038
11038
11038
11038
11038
11038
11038
11038
11038
11038
11038
11038
11038
11038
11038
11038
11038
11038
11038
11038
11038
11038
11038
11038
11038
11038
11038
11038
11038
11038
11038
11038
11038
11038
11038
11038
11038
11038
11038
11038
11038
11038
11038
11038
11038
11038
11038
11038
11038
11038
11038
11038
11038
11038
11038
11038
11038
11038
11038
11038
11038
11038
11038
11038
11038
11038
11038
11038
11038
11038
11038
11038
11038
11038
11038
11038
11038
11038
11038
11038
11038
11038
11038
11038
11038
11038
11038
11038
11038
11038
11038
11038
11038
11038
11038
11038
11038
11038
11038
11038
11038
11038
11038
11038
11038
11038
11038
11038
11038
11038
11038
11038
11038
11038
11038
11038
11038
11038
11038
11038
11038
11038
11038
11038
11038
11038
11038
11038
11038
11038
11038
11038
11038
11038
11038
11038
11038
11038
11038
11038
11038
11038
11038
11038
11038
11038
11038
11038
11038
11038
11038
11038
11038
11038
11038
11038
11038
11038
11038
11038
11038
11038
11038
11038
11038
11038
11038
11038
11038
11038
11038
11038
11038
11038
11038
11038
11038
11038
11038
11038
11038
11038
11038
11038
11038
11038
11038
11038
11038
11038
11038
11038
11038
11038
11038
11038
11038
11038
11038
11038
11038
11038
11038
11038
11038
11038
11038
11038
11038
11038
11038
11038
11038
11038
11038
11038
11038
11038
11038
11038
11038
11038
11038
11038
11038
11038
11038
11038
11038
11038
11038
11038
11038
11038
11038
11038
11038
11038
11038
11038
11038
11038
11038
11038
11038
11038
11038
11038
11038
11038
11038
11038
11038
11038
11038
11038
11038
11038
11038
11038
11038
11038
11038
11038
11038
11038
11038
11038
11038
11038
11038
11038
11038
11038
11038
11038
11038
11038
11038
11038
11038
11038
11038
11038
11038
11038
11038
11038
11038
11038
11038
11038
11038
11038
11038
11038
11038
11038
11038
11038
11038
11038
11038
11038
11038
11038
11038
11038
11038
11038
11038
11038
11038
11038
11038
11038
11038
11038
11038
11038
11038
11038
11038
11038
11038
11038
11038
11038
11038
11038
11038
11038
11038
11038
11038
11038
11038
11038
11038
11038
11038
11038
11038
11038
11038
11038
11038
11038
11038
11038
11038
11038
11038
11038
11038
11038
11038
11038
11038
11038
11038
11038
11038
11038
11038
11038
11038
11038
11038
11038
11038
11038
11038
11038
11038
11038
11038
11038
11038
11038
11038
11038
11038
11038
11038
11038
11038
11038
11038
11038
11038
11038
11038
11038
11038
11038
11038
11038
11038
11038
11038
11038
11038
11038
11038
11038
11038
11038
11038
11038
11038
11038
11038
11038
11038
11038
11038
11038
11038
11038
11038
11038
11038
11038
11038
11038
11038
11038
11038
11038
11038
11038
11038
11038
11038
11038
11038
11038
11038
11038
11038
11038
11038
11038
11038
11038
11038
11038
11038
11038
11038
11038
11038
11038
11038
11038
11038
11038
11038
11038
11038
11038
11038
11038
11038
11038
11038
11038
11038
11038
11038
11038
11038
11038
11038
11038
11038
11038
11038
11038
11038
11038
11038
11038
11038
11038
11038
11038
11038
11038
11038
11038
11038
11038
11038
11038
11038
11038
11038
11038
11038
11038
11038
11038
11038
11038
11038
11038
11038
11038
11038
11038
11038
11038
11038
11038
11038
11038
11038
11038
11038
11038
11038
11038
11038
11038
11038
11038
11038
11038
11038
11038
11038
11038
11038
11038
11038
11038
11038
11038
11038
11038
11038
11038
11038
11038
11038
11038
11038
11038
11038
11038
11038
11038
11038
11038
11038
11038
11038
11038
11038
11038
11038
11038
11038
11038
11038
11038
11038
11038
11038
11038
11038
11038
11038
11038
11038
11038
11038
11038
11038
11038
11038
11038
11038
11038
11038
11038
11038
11038
11038
11038
11038
11038
11038
11038
11038
11038
11038
11038
11038
11038
11038
11038
11038
11038
11038
11038
11038
11038
11038
11038
11038
11038
11038
11038
11038
11038
11038
11038
11038
11038
11038
11038
11038
11038
11038
11038
11038
11038
11038
11038
11038
11038
11038
11038
11038
11038
11038
11038
11038
11038
11038
11038
11038
11038
11038
11038
11038
11038
11038
11038
11038
11038
11038
11038
11038
11038
11038
11038
11038
11038
11038
11038
11038
11038
11038
11038
11038
11038
11038
11038
11038
11038
11038
11038
11038
11038
11038
11038
11038
11038
11038
11038
11038
11038
11038
11038
11038
11038
11038
11038
11038
11038
11038
11038
11038
11038
11038
11038
11038
11038
11038
11038
11038
11038
11038
11038
11038
11038
11038
11038
11038
11038
11038
11038
11038
11038
11038
11038
11038
11038
11038
11038
11038
11038
11038
11038
11038
11038
11038
11038
11038
11038
11038
11038
11038
11038
11038
11038
11038
11038
11038
11038
11038
11038
11038
11038
11038
11038
11038
11038
11038
11038
11038
11038
11038
11038
11038
11038
11038
11038
11038
11038
11038
11038
11038
11038
11038
11038
11038
11038
11038
11038
11038
11038
11038
11038
11038
11038
11038
11038
11038
11038
11038
11038
11038
11038
11038
11038
11038
11038
11038
11038
11038
11038
11038
11038
11038
11038
11038
11038
11038
11038
11038
11038
11038
11038
11038
11038
11038
11038
11038
11038
11038
11038
11038
11038
11038
11038
11038
11038
11038
11038
11038
11038
11038
11038
11038
11038
11038
11038
11038
11038
11038
11038
11038
11038
11038
11038
11038
11038
11038
11038
11038
11038
11038
11038
11038
11038
11038
11038
11038
11038
11038
11038
11038
11038
11038
11038
11038
11038
11038
11038
11038
11038
11038
11038
11038
11038
11038
11038
11038
11038
11038
11038
11038
11038
11038
11038
11038
11038
11038
11038
11038
11038
11038
11038
11038
11038
11038
11038
11038
11038
11038
11038
11038
11038
11038
11038
11038
11038
11038
11038
11038
11038
11038
11038
11038
11038
11038
11038
11038
11038
11038
11038
11038
11038
11038
11038
11038
11038
11038
11038
11038
11038
11038
11038
11038
11038
11038
11038
11038
11038
11038
11038
11038
11038
11038
11038
11038
11038
11038
11038
11038
11038
11038
11038
11038
11038
11038
11038
11038
11038
11038
11038
11038
11038
11038
11038
11038
11038
11038
11038
11038
11038
11038
11038
11038
11038
11038
11038
11038
11038
11038
11038
11038
11038
11038
11038
11038
11038
11038
11038
11038
11038
11038
11038
11038
11038
11038
11038
