2264
2267
2268
2279
2283
2284
2289
2292
2302
2319
2327
2336
2337
2364
2378
2384
2398
2417
2436
2445
2447
2451
2458
2459
2461
2463
2471
2472
2475
2264
2266
2267
2268
2279
2282
2283
2285
2289
2292
2293
2302
2315
2319
2327
2328
2332
2333
2336
2338
2347
2351
2368
2372
2384
2385
2398
2399
2420
2458
2264
2267
2268
2273
2279
2282
2283
2285
2289
2292
2293
2294
2295
2298
2302
2315
2319
2327
2328
2332
2333
2336
2338
2343
2344
2347
2351
2355
2368
2372
2377
2384
2385
2389
2394
2398
2413
2417
2419
2420
2436
2445
2451
2458
2461
2463
2465
2468
2471
2472
2475
2264
2267
2268
2282
2283
2289
2292
2294
2319
2325
2328
2330
2333
2336
2343
2344
2368
2394
2399
2419
2436
2451
2461
2463
2471
2475
2260
2261
2262
2263
2264
2265
2266
2267
2268
2269
2270
2271
2272
2273
2274
2275
2276
2277
2278
2279
2280
2281
2282
2283
2284
2285
2286
2287
2288
2289
2290
2291
2292
2293
2294
2295
2296
2297
2298
2299
2300
2301
2302
2303
2304
2305
2306
2307
2308
2309
2310
2311
2312
2313
2314
2315
2316
2317
2318
2319
2320
2321
2322
2323
2324
2325
2326
2327
2328
2329
2330
2331
2332
2333
2334
2335
2336
2337
2338
2339
2340
2341
2342
2343
2344
2345
2346
2347
2348
2349
2350
2351
2352
2353
2354
2355
2356
2357
2358
2359
2360
2361
2362
2363
2364
2365
2366
2367
2368
2369
2370
2371
2372
2373
2374
2375
2376
2377
2378
2379
2380
2381
2382
2383
2384
2385
2386
2387
2388
2389
2390
2391
2392
2393
2394
2395
2396
2397
2398
2399
2400
2401
2402
2403
2404
2405
2406
2407
2408
2409
2410
2411
2412
2413
2414
2415
2416
2417
2418
2419
2420
2421
2422
2423
2424
2425
2426
2427
2428
2429
2430
2431
2432
2433
2434
2435
2436
2437
2438
2439
2440
2441
2442
2443
2444
2445
2446
2447
2448
2449
2450
2451
2452
2453
2454
2455
2456
2457
2458
2459
2460
2461
2462
2463
2464
2465
2466
2467
2468
2469
2470
2471
2472
2473
2474
2475
2476
2477
2478
2479
2480
2481
2482
2312
2319
2355
2384
2389
2400
2413
2284
2364
2365
2378
2435
2341
2412
2455
2273
2282
2283
2289
2292
2294
2298
2304
2318
2328
2332
2343
2344
2368
2377
2384
2399
2419
2434
2461
2463
2471
2475
2261
2266
2271
2275
2278
2290
2299
2300
2307
2308
2309
2323
2324
2326
2329
2331
2334
2339
2340
2347
2352
2353
2354
2356
2359
2363
2369
2370
2374
2376
2381
2386
2391
2395
2404
2407
2408
2409
2410
2414
2418
2423
2428
2429
2430
2433
2460
2462
2464
2467
2468
2469
2477
2478
2482
2261
2266
2271
2275
2276
2278
2287
2290
2299
2300
2308
2309
2323
2324
2326
2329
2331
2339
2340
2347
2348
2352
2353
2354
2356
2369
2374
2376
2381
2386
2392
2404
2409
2410
2423
2430
2433
2460
2464
2467
2469
2482
2284
2297
2341
2346
2364
2365
2459
2267
2279
2282
2283
2285
2292
2293
2294
2302
2315
2319
2327
2328
2332
2333
2336
2338
2343
2347
2351
2372
2384
2385
2398
2399
2420
2434
2438
2458
2461
2463
2465
2468
2471
2472
2475
2297
2365
2378
2447
2459
2472
2317
2341
2412
2424
2455
2270
2272
2273
2289
2310
2318
2325
2328
2362
2406
2416
2419
2425
2434
2452
2475
2480
2401
2266
2271
2275
2278
2290
2299
2300
2323
2324
2329
2333
2339
2340
2347
2348
2352
2356
2369
2374
2376
2381
2395
2409
2410
2414
2423
2430
2464
2264
2267
2268
2273
2279
2280
2282
2283
2285
2289
2291
2292
2296
2302
2304
2313
2318
2319
2322
2325
2327
2328
2333
2336
2338
2345
2347
2366
2367
2368
2379
2384
2394
2396
2398
2406
2417
2419
2451
2458
2461
2463
2471
2472
2473
2475
2284
2297
2337
2346
2364
2365
2378
2435
2447
2459
2268
2284
2378
2417
2447
2459
2266
2271
2275
2278
2287
2290
2306
2308
2309
2323
2324
2326
2329
2331
2339
2340
2347
2352
2354
2356
2359
2369
2370
2374
2376
2381
2392
2395
2408
2409
2410
2414
2418
2423
2428
2430
2433
2446
2462
2464
2467
2468
2482
2260
2286
2313
2335
2397
2411
2364
2264
2279
2282
2283
2289
2292
2302
2315
2332
2333
2336
2338
2347
2351
2368
2372
2384
2398
2420
2445
2461
2463
2465
2471
2475
2317
2360
2313
2341
2361
2373
2388
2440
2284
2297
2346
2364
2365
2389
2286
2314
2335
2388
2403
2357
2412
2266
2271
2275
2276
2278
2290
2299
2306
2307
2308
2309
2323
2324
2326
2329
2331
2334
2339
2340
2347
2348
2352
2354
2356
2359
2363
2369
2370
2374
2376
2381
2386
2392
2395
2404
2408
2409
2410
2414
2418
2428
2429
2430
2433
2446
2449
2460
2462
2464
2467
2468
2469
2476
2478
2482
2264
2273
2274
2280
2282
2283
2292
2294
2304
2319
2327
2328
2332
2333
2344
2368
2377
2384
2390
2394
2396
2399
2415
2432
2434
2438
2451
2458
2471
2475
2479
2264
2289
2292
2294
2295
2302
2315
2319
2327
2328
2330
2333
2336
2338
2343
2344
2347
2351
2384
2417
2419
2436
2461
2463
2471
2472
2475
2264
2266
2271
2275
2276
2279
2280
2282
2283
2285
2292
2293
2300
2302
2306
2308
2309
2315
2319
2323
2324
2327
2328
2332
2333
2334
2336
2338
2340
2347
2348
2351
2354
2355
2363
2367
2369
2370
2379
2381
2384
2385
2395
2398
2408
2410
2420
2423
2428
2429
2430
2436
2451
2458
2460
2461
2462
2464
2465
2468
2472
2475
2478
2482
2266
2303
2353
2387
2393
2429
2443
2449
2476
2478
2266
2271
2275
2276
2278
2290
2300
2303
2306
2307
2308
2309
2323
2324
2326
2329
2331
2334
2339
2340
2347
2348
2350
2352
2353
2354
2356
2359
2363
2369
2370
2374
2376
2381
2386
2391
2392
2395
2404
2408
2409
2410
2414
2423
2428
2430
2433
2446
2460
2462
2464
2467
2469
2477
2478
2482
2270
2272
2289
2298
2318
2325
2362
2416
2452
2480
2268
2273
2280
2282
2283
2289
2292
2294
2302
2304
2315
2319
2327
2328
2330
2332
2333
2336
2338
2343
2344
2345
2347
2351
2367
2377
2379
2384
2394
2398
2399
2417
2419
2420
2434
2436
2445
2451
2458
2461
2463
2465
2471
2472
2473
2475
2261
2266
2271
2275
2276
2278
2290
2299
2306
2307
2308
2309
2311
2323
2324
2326
2331
2334
2339
2340
2347
2348
2352
2353
2354
2356
2359
2363
2369
2370
2374
2376
2381
2386
2387
2392
2395
2404
2408
2409
2410
2414
2418
2428
2430
2433
2446
2460
2462
2464
2467
2468
2469
2477
2482
2264
2267
2273
2274
2279
2280
2282
2283
2292
2294
2304
2319
2327
2328
2333
2336
2338
2344
2347
2355
2368
2377
2384
2390
2394
2396
2399
2415
2419
2432
2434
2436
2438
2451
2458
2461
2463
2471
2475
2479
2267
2273
2279
2282
2283
2289
2292
2294
2295
2302
2315
2319
2327
2328
2332
2333
2336
2338
2344
2347
2351
2372
2377
2384
2420
2434
2436
2461
2463
2465
2471
2472
2475
2277
2284
2297
2364
2378
2435
2447
2459
2296
2368
2384
2416
2438
2458
2261
2266
2271
2275
2278
2290
2309
2323
2324
2326
2329
2331
2339
2340
2347
2354
2356
2363
2369
2370
2374
2381
2386
2395
2407
2408
2409
2414
2418
2423
2428
2446
2460
2462
2464
2468
2477
2482
2264
2268
2273
2289
2292
2294
2297
2327
2328
2336
2338
2343
2344
2347
2365
2368
2377
2461
2463
2471
2472
2475
2264
2268
2279
2283
2289
2294
2302
2315
2319
2327
2328
2330
2333
2336
2338
2345
2384
2394
2398
2419
2420
2436
2445
2451
2458
2461
2463
2468
2281
2301
2481
2284
2364
2365
2378
2435
2284
2297
2337
2364
2365
2264
2268
2274
2279
2280
2282
2283
2285
2289
2292
2293
2302
2315
2319
2325
2328
2333
2336
2338
2344
2347
2351
2372
2384
2385
2390
2394
2396
2420
2434
2436
2438
2445
2451
2465
2471
2479
2286
2313
2317
2322
2335
2342
2361
2371
2373
2405
2411
2440
2448
2474
2281
2301
2317
2261
2266
2271
2275
2276
2278
2290
2299
2307
2308
2309
2323
2324
2326
2329
2331
2334
2339
2340
2347
2350
2352
2353
2354
2356
2359
2363
2369
2370
2374
2376
2381
2386
2391
2395
2404
2408
2409
2410
2414
2418
2423
2428
2430
2433
2446
2460
2462
2464
2467
2468
2469
2477
2482
2275
2278
2290
2306
2307
2308
2309
2323
2324
2326
2331
2339
2340
2354
2369
2393
2395
2409
2410
2428
2446
2460
2462
2464
2468
2265
2268
2279
2282
2288
2289
2291
2292
2296
2302
2310
2313
2317
2318
2322
2325
2335
2342
2345
2361
2362
2366
2367
2371
2384
2398
2406
2416
2419
2425
2440
2448
2453
2286
2289
2313
2322
2325
2335
2361
2474
2261
2266
2271
2275
2276
2278
2290
2299
2306
2307
2308
2309
2323
2324
2326
2331
2339
2340
2347
2348
2352
2353
2354
2356
2359
2363
2369
2370
2374
2376
2381
2386
2387
2404
2409
2410
2414
2423
2427
2428
2429
2433
2446
2449
2454
2462
2464
2467
2468
2469
2476
2478
2365
2378
2389
2447
2459
2472
2302
2385
2267
2274
2282
2283
2318
2325
2327
2328
2333
2344
2368
2377
2384
2389
2390
2396
2399
2415
2419
2434
2438
2452
2461
2471
2479
2261
2266
2271
2275
2276
2278
2287
2290
2299
2306
2307
2308
2309
2323
2324
2326
2329
2331
2339
2340
2347
2348
2352
2354
2356
2359
2363
2369
2374
2376
2381
2386
2395
2404
2407
2408
2409
2410
2414
2423
2427
2428
2429
2430
2433
2460
2462
2464
2468
2469
2482
2268
2284
2297
2302
2337
2364
2378
2389
2435
2447
2459
2472
2268
2284
2297
2319
2337
2346
2364
2365
2378
2384
2435
2459
2368
2453
2286
2313
2314
2322
2335
2360
2361
2368
2397
2403
2411
2474
2268
2284
2337
2364
2365
2384
2447
2459
2472
2265
2291
2286
2314
2397
2403
2474
2261
2266
2271
2275
2276
2278
2290
2299
2300
2308
2309
2323
2324
2326
2329
2331
2339
2340
2347
2352
2353
2356
2359
2363
2369
2370
2374
2376
2381
2386
2391
2392
2395
2404
2407
2408
2409
2410
2414
2418
2423
2428
2433
2460
2462
2464
2467
2469
2477
2482
2284
2297
2337
2346
2364
2365
2378
2435
2264
2274
2280
2282
2294
2304
2327
2328
2333
2336
2344
2384
2390
2394
2396
2399
2434
2438
2451
2458
2479
2262
2280
2327
2345
2349
2443
2261
2266
2271
2275
2276
2278
2288
2290
2299
2300
2303
2306
2307
2308
2309
2323
2324
2326
2329
2331
2334
2339
2340
2347
2348
2352
2354
2356
2359
2363
2369
2370
2374
2376
2381
2386
2387
2391
2395
2404
2408
2409
2410
2414
2423
2427
2428
2429
2430
2433
2446
2454
2460
2464
2467
2468
2469
2476
2477
2478
2482
2261
2266
2271
2275
2276
2278
2290
2299
2307
2308
2309
2324
2326
2329
2331
2334
2339
2340
2347
2348
2352
2354
2356
2363
2369
2374
2376
2381
2386
2395
2404
2407
2408
2409
2410
2414
2418
2423
2428
2430
2433
2443
2446
2460
2462
2464
2467
2468
2469
2482
2261
2266
2271
2275
2278
2279
2287
2290
2292
2299
2300
2306
2307
2308
2309
2319
2323
2324
2326
2329
2331
2333
2334
2336
2339
2340
2347
2348
2352
2354
2356
2359
2363
2369
2370
2374
2376
2381
2384
2386
2387
2391
2392
2393
2395
2404
2407
2408
2409
2410
2414
2418
2420
2423
2428
2430
2446
2449
2451
2460
2462
2464
2468
2469
2477
2482
2261
2266
2271
2275
2276
2278
2300
2303
2307
2309
2323
2326
2331
2334
2339
2340
2348
2352
2353
2354
2356
2359
2363
2369
2370
2374
2376
2381
2391
2393
2395
2404
2408
2410
2414
2418
2423
2433
2449
2464
2468
2469
2477
2482
2268
2273
2278
2289
2305
2332
2344
2372
2385
2417
2419
2445
2320
2349
2398
2399
2401
2426
2443
2444
2466
2266
2271
2275
2276
2290
2299
2300
2323
2331
2339
2352
2356
2369
2376
2381
2404
2410
2414
2423
2460
2464
2468
2286
2314
2335
2361
2397
2405
2284
2346
2364
2365
2378
2459
2320
2349
2401
2426
2444
2466
2261
2266
2271
2275
2276
2278
2287
2290
2299
2300
2306
2307
2308
2309
2311
2323
2324
2326
2329
2331
2334
2339
2340
2347
2348
2352
2353
2354
2356
2363
2369
2370
2374
2376
2381
2386
2392
2395
2404
2407
2408
2409
2410
2414
2423
2427
2428
2429
2430
2433
2446
2460
2462
2464
2467
2468
2469
2477
2482
2279
2282
2283
2292
2302
2315
2319
2330
2332
2333
2338
2347
2351
2372
2384
2417
2420
2451
2268
2284
2337
2346
2364
2365
2378
2417
2435
2447
2459
2266
2271
2275
2276
2290
2299
2308
2309
2311
2323
2324
2326
2331
2339
2340
2347
2348
2352
2353
2354
2356
2363
2369
2374
2381
2404
2409
2410
2414
2423
2428
2430
2464
2467
2468
2284
2337
2346
2364
2365
2378
2447
2459
2284
2297
2337
2365
2378
2459
2284
2337
2364
2365
2435
2472
2284
2337
2346
2364
2365
2378
2435
2447
2472
2264
2267
2268
2273
2279
2282
2283
2294
2304
2319
2327
2332
2336
2344
2347
2351
2399
2419
2434
2461
2463
2471
2475
2282
2304
2327
2328
2333
2344
2377
2384
2390
2394
2396
2415
2434
2438
2453
2479
2268
2337
2364
2365
2378
2417
2435
2447
2261
2266
2271
2275
2276
2278
2287
2299
2306
2308
2309
2323
2324
2326
2329
2331
2334
2340
2347
2348
2352
2354
2356
2359
2363
2369
2370
2374
2376
2381
2386
2395
2404
2407
2408
2409
2410
2414
2418
2423
2428
2430
2433
2446
2460
2464
2468
2477
2482
2284
2297
2364
2365
2378
2447
2266
2267
2268
2279
2282
2283
2285
2289
2294
2302
2303
2319
2325
2328
2330
2332
2333
2338
2343
2345
2347
2351
2372
2379
2383
2384
2387
2393
2394
2396
2398
2399
2409
2414
2417
2419
2420
2428
2429
2434
2436
2445
2449
2451
2458
2461
2463
2468
2471
2472
2473
2475
2412
2455
2268
2297
2337
2365
2378
2417
2435
2447
2459
2472
2267
2273
2282
2283
2289
2292
2294
2325
2328
2333
2336
2343
2344
2347
2351
2377
2384
2399
2419
2461
2463
2471
2475
2284
2364
2447
2459
2472
2364
2365
2378
2297
2459
2284
2364
2357
2284
2364
2447
2296
2321
2421
2268
2284
2297
2337
2346
2364
2365
2378
2417
2435
2447
2459
2472
2303
2334
2387
2393
2443
2449
2476
2478
2266
2271
2275
2276
2278
2290
2299
2300
2306
2307
2308
2309
2323
2324
2326
2329
2331
2334
2339
2340
2347
2348
2352
2354
2356
2363
2369
2370
2376
2381
2391
2395
2409
2410
2414
2423
2428
2446
2460
2462
2464
2467
2468
2469
2482
2276
2348
2369
2407
2409
2410
2428
2464
2268
2284
2297
2364
2365
2447
2459
2472
2316
2317
2341
2361
2366
2371
2412
2440
2474
2268
2284
2364
2365
2378
2447
2459
2346
2364
2365
2264
2267
2268
2279
2282
2283
2287
2289
2292
2299
2319
2327
2328
2333
2336
2338
2343
2347
2350
2351
2367
2369
2381
2384
2394
2396
2398
2414
2434
2436
2451
2458
2461
2468
2475
2268
2284
2337
2346
2364
2365
2378
2435
2447
2459
2273
2279
2282
2283
2289
2292
2293
2294
2295
2298
2302
2315
2328
2330
2332
2333
2336
2338
2347
2351
2372
2384
2420
2461
2463
2465
2471
2472
2475
2272
2282
2294
2298
2304
2313
2318
2325
2328
2333
2344
2362
2396
2438
2452
2480
2261
2266
2271
2275
2276
2278
2290
2299
2303
2306
2308
2309
2323
2324
2326
2329
2331
2334
2339
2340
2347
2348
2352
2354
2356
2359
2363
2369
2370
2374
2376
2381
2395
2404
2407
2408
2409
2410
2414
2423
2428
2430
2433
2446
2460
2462
2464
2467
2468
2469
2477
2482
2270
2272
2283
2289
2291
2318
2322
2325
2327
2362
2366
2406
2416
2419
2425
2473
2480
2264
2268
2273
2279
2280
2282
2283
2285
2289
2292
2294
2302
2304
2315
2319
2327
2328
2332
2333
2336
2338
2343
2344
2347
2351
2367
2368
2377
2384
2394
2398
2399
2416
2417
2419
2420
2434
2436
2445
2451
2458
2461
2463
2465
2471
2472
2473
2475
2261
2266
2271
2275
2276
2278
2287
2290
2299
2307
2309
2323
2324
2326
2329
2331
2340
2347
2348
2352
2353
2356
2359
2363
2369
2370
2374
2381
2386
2391
2392
2395
2404
2407
2408
2409
2410
2418
2423
2428
2433
2446
2460
2464
2467
2469
2482
2321
2421
2437
2313
2361
2366
2371
2397
2402
2440
2448
2265
2288
2289
2291
2318
2345
2366
2406
2453
2261
2266
2271
2278
2290
2299
2300
2308
2309
2323
2324
2326
2329
2340
2347
2352
2354
2356
2359
2369
2370
2374
2387
2393
2395
2404
2407
2408
2409
2410
2414
2423
2427
2428
2433
2442
2446
2460
2462
2464
2468
2476
2477
2478
2482
2267
2268
2277
2279
2283
2285
2289
2296
2302
2318
2319
2322
2325
2327
2330
2336
2343
2345
2366
2367
2372
2379
2384
2398
2406
2416
2417
2419
2425
2436
2445
2451
2458
2463
2471
2473
2264
2267
2268
2273
2279
2282
2283
2289
2292
2293
2302
2315
2319
2328
2332
2333
2336
2338
2347
2351
2368
2372
2384
2385
2394
2417
2420
2445
2461
2463
2465
2471
2475
2261
2266
2271
2275
2276
2278
2290
2293
2299
2308
2309
2311
2323
2324
2326
2329
2331
2334
2340
2347
2348
2354
2363
2369
2370
2374
2376
2386
2392
2395
2404
2407
2408
2409
2410
2423
2428
2433
2446
2460
2464
2467
2468
2469
2482
2313
2321
2342
2456
2268
2279
2282
2283
2292
2302
2315
2328
2332
2333
2336
2338
2347
2351
2372
2384
2385
2420
2434
2436
2445
2458
2463
2261
2266
2271
2275
2276
2278
2290
2299
2306
2309
2323
2324
2326
2331
2334
2339
2340
2347
2352
2354
2356
2359
2363
2369
2370
2374
2376
2381
2391
2392
2395
2404
2407
2408
2409
2410
2414
2418
2423
2428
2429
2430
2433
2446
2460
2464
2467
2469
2482
2266
2288
2309
2387
2410
2427
2429
2449
2454
2476
2478
2266
2271
2275
2276
2278
2287
2290
2299
2300
2306
2309
2323
2324
2326
2329
2331
2334
2340
2347
2348
2352
2353
2354
2356
2359
2363
2369
2370
2374
2376
2386
2392
2395
2404
2407
2408
2409
2410
2414
2418
2423
2428
2430
2433
2446
2460
2462
2464
2468
2469
2477
2482
2266
2271
2275
2276
2309
2323
2324
2326
2331
2334
2339
2340
2347
2354
2356
2363
2369
2376
2395
2404
2408
2409
2410
2414
2423
2446
2460
2464
2468
2482
2267
2268
2272
2273
2277
2279
2282
2283
2286
2289
2292
2293
2296
2302
2305
2310
2313
2314
2315
2318
2319
2322
2325
2327
2328
2332
2333
2335
2336
2338
2344
2345
2347
2351
2361
2366
2367
2371
2372
2379
2384
2385
2397
2398
2403
2406
2411
2416
2417
2419
2420
2425
2436
2445
2453
2458
2461
2465
2468
2471
2472
2473
2474
2475
2287
2289
2292
2296
2425
2286
2313
2314
2317
2335
2371
2397
2403
2411
2440
2448
2474
2297
2337
2365
2378
2435
2447
2313
2342
2450
2273
2279
2282
2283
2289
2292
2294
2302
2304
2319
2328
2332
2333
2336
2338
2343
2344
2347
2351
2368
2372
2377
2384
2399
2420
2458
2461
2463
2471
2475
2264
2273
2279
2280
2282
2283
2285
2289
2292
2294
2302
2315
2327
2328
2332
2333
2336
2338
2344
2347
2351
2372
2377
2384
2385
2390
2394
2396
2398
2399
2420
2436
2438
2451
2458
2461
2463
2472
2479
2267
2273
2274
2279
2280
2282
2283
2289
2292
2293
2294
2302
2315
2319
2325
2327
2328
2332
2333
2336
2338
2343
2344
2347
2351
2368
2372
2377
2384
2390
2394
2396
2398
2399
2415
2419
2420
2434
2438
2445
2451
2458
2461
2463
2465
2475
2479
2266
2271
2278
2300
2302
2307
2323
2324
2329
2331
2339
2347
2356
2369
2370
2376
2404
2410
2414
2446
2469
2477
2262
2266
2271
2275
2278
2287
2290
2299
2300
2303
2309
2311
2323
2326
2331
2334
2339
2350
2352
2356
2359
2363
2369
2376
2387
2391
2393
2395
2404
2408
2410
2414
2428
2464
2468
2476
2477
2478
2482
2268
2292
2302
2305
2332
2333
2336
2372
2384
2385
2445
2266
2275
2290
2309
2331
2334
2347
2370
2383
2395
2409
2429
2433
2454
2467
2478
2482
2261
2266
2271
2275
2276
2278
2290
2299
2300
2306
2307
2308
2309
2323
2324
2326
2329
2331
2334
2339
2340
2347
2348
2352
2353
2354
2356
2359
2363
2369
2370
2374
2381
2386
2395
2404
2408
2409
2410
2414
2418
2423
2428
2430
2433
2446
2460
2464
2467
2468
2469
2477
2478
2482
2266
2271
2272
2278
2290
2300
2307
2308
2309
2323
2324
2331
2339
2340
2348
2352
2369
2370
2376
2393
2395
2404
2428
2433
2446
2460
2462
2464
2469
2284
2297
2346
2364
2274
2279
2280
2282
2283
2315
2319
2327
2328
2333
2338
2344
2347
2351
2384
2390
2394
2396
2398
2415
2420
2434
2438
2451
2458
2479
2261
2266
2271
2275
2278
2287
2290
2303
2306
2307
2308
2309
2323
2324
2326
2329
2331
2334
2339
2340
2347
2352
2354
2356
2359
2363
2370
2376
2381
2392
2404
2407
2408
2409
2410
2414
2418
2423
2428
2429
2430
2446
2464
2467
2482
2261
2266
2271
2275
2276
2290
2300
2306
2307
2308
2309
2323
2324
2326
2329
2331
2334
2339
2340
2347
2348
2350
2352
2354
2356
2359
2363
2369
2370
2376
2381
2386
2391
2395
2404
2407
2408
2409
2410
2414
2418
2423
2428
2429
2430
2433
2446
2460
2464
2467
2469
2477
2482
2292
2302
2324
2333
2384
2385
2462
2262
2300
2303
2334
2387
2391
2393
2428
2429
2430
2449
2476
2478
2268
2279
2280
2282
2283
2289
2293
2294
2302
2305
2319
2328
2330
2332
2333
2338
2343
2344
2345
2347
2366
2367
2372
2377
2379
2384
2385
2394
2398
2417
2419
2434
2436
2445
2451
2458
2461
2463
2471
2472
2473
2475
2266
2271
2275
2276
2290
2300
2306
2307
2308
2309
2323
2324
2326
2331
2334
2339
2340
2347
2348
2352
2353
2354
2369
2370
2374
2376
2381
2387
2393
2395
2404
2409
2410
2414
2423
2428
2443
2460
2462
2464
2467
2468
2469
2476
2478
2482
2260
2335
2361
2264
2267
2268
2273
2279
2282
2283
2285
2289
2292
2293
2302
2315
2319
2328
2330
2332
2333
2336
2338
2344
2347
2351
2372
2377
2384
2398
2420
2427
2429
2436
2451
2458
2461
2463
2465
2471
2472
2268
2274
2279
2280
2282
2283
2289
2292
2294
2304
2315
2319
2327
2328
2333
2336
2338
2344
2347
2377
2384
2390
2394
2396
2398
2399
2415
2417
2420
2434
2436
2438
2445
2451
2458
2461
2463
2468
2471
2479
2261
2266
2271
2275
2276
2278
2290
2299
2300
2306
2307
2308
2309
2323
2324
2326
2329
2331
2334
2339
2340
2347
2348
2352
2353
2354
2356
2359
2363
2369
2370
2374
2376
2381
2386
2391
2392
2395
2404
2408
2409
2410
2414
2423
2428
2429
2430
2433
2446
2460
2462
2464
2467
2468
2469
2478
2482
2261
2266
2271
2275
2276
2278
2287
2290
2299
2307
2308
2309
2323
2324
2326
2331
2339
2340
2347
2348
2352
2354
2356
2359
2363
2369
2370
2374
2376
2381
2386
2395
2404
2407
2408
2409
2410
2414
2418
2423
2428
2430
2433
2446
2460
2464
2468
2477
2482
2274
2280
2282
2327
2328
2333
2344
2377
2384
2390
2394
2396
2415
2434
2438
2451
2479
2320
2349
2401
2425
2426
2444
2466
2261
2266
2275
2278
2290
2299
2307
2308
2309
2323
2324
2329
2331
2334
2340
2347
2348
2352
2354
2356
2359
2369
2370
2374
2376
2381
2395
2408
2410
2414
2418
2428
2446
2460
2464
2482
2261
2266
2271
2275
2276
2278
2290
2299
2300
2306
2307
2308
2309
2323
2324
2326
2329
2331
2334
2339
2340
2347
2348
2352
2354
2356
2359
2363
2369
2370
2374
2376
2381
2386
2391
2395
2404
2407
2408
2409
2410
2414
2423
2428
2430
2433
2460
2462
2464
2467
2468
2469
2478
2482
2277
2313
2267
2273
2274
2279
2280
2282
2283
2289
2292
2293
2294
2302
2304
2315
2319
2324
2327
2328
2332
2333
2336
2338
2343
2344
2347
2351
2367
2368
2372
2377
2384
2385
2390
2394
2396
2398
2399
2415
2419
2420
2432
2434
2436
2438
2445
2451
2458
2461
2462
2463
2465
2468
2471
2472
2475
2479
2371
2397
2402
2412
2440
2448
2261
2266
2271
2275
2276
2278
2290
2299
2300
2307
2323
2324
2331
2340
2347
2348
2352
2353
2354
2356
2359
2363
2370
2374
2381
2386
2395
2404
2408
2409
2410
2414
2418
2428
2433
2446
2464
2467
2469
2477
2478
2261
2266
2271
2275
2276
2288
2290
2299
2300
2309
2323
2324
2326
2331
2347
2348
2352
2353
2354
2356
2369
2374
2376
2381
2387
2391
2393
2395
2404
2407
2409
2410
2423
2427
2429
2433
2449
2454
2460
2467
2468
2469
2482
2265
2296
2322
2341
2366
2367
2379
2406
2473
2261
2266
2275
2290
2300
2308
2309
2323
2324
2326
2331
2334
2339
2340
2347
2348
2354
2356
2359
2363
2369
2370
2376
2381
2395
2404
2407
2408
2409
2410
2414
2418
2428
2429
2430
2446
2464
2467
2468
2469
2478
2482
2264
2267
2268
2273
2279
2282
2283
2289
2292
2293
2294
2302
2305
2315
2319
2325
2327
2328
2332
2333
2336
2338
2343
2344
2347
2351
2368
2372
2377
2384
2385
2398
2420
2434
2436
2445
2451
2461
2463
2465
2471
2472
2475
2261
2266
2271
2275
2276
2278
2287
2290
2299
2300
2306
2307
2308
2309
2323
2324
2326
2329
2331
2334
2339
2340
2347
2348
2352
2353
2354
2356
2359
2363
2370
2374
2376
2381
2386
2391
2395
2404
2408
2409
2410
2414
2418
2423
2428
2429
2430
2433
2443
2446
2460
2464
2467
2468
2469
2482
2313
2361
2371
2397
2402
2440
2448
2261
2266
2271
2275
2276
2278
2287
2290
2299
2300
2306
2307
2308
2309
2323
2324
2326
2329
2331
2334
2339
2340
2347
2348
2352
2354
2356
2359
2363
2369
2370
2374
2376
2381
2386
2391
2395
2404
2408
2409
2410
2414
2418
2423
2428
2430
2433
2446
2460
2462
2464
2467
2468
2469
2477
2478
2482
2260
2313
2317
2341
2342
2361
2371
2411
2440
2448
2262
2271
2288
2300
2303
2331
2350
2383
2387
2391
2393
2409
2423
2428
2429
2449
2478
2261
2266
2271
2275
2276
2278
2287
2290
2299
2300
2306
2307
2308
2309
2323
2324
2326
2329
2331
2339
2340
2347
2348
2352
2353
2354
2356
2359
2363
2369
2370
2374
2376
2381
2383
2386
2391
2395
2401
2404
2409
2410
2414
2418
2423
2428
2429
2430
2433
2446
2460
2464
2467
2482
2281
2301
2261
2266
2271
2275
2276
2290
2299
2308
2309
2311
2323
2324
2326
2331
2334
2339
2340
2347
2352
2354
2356
2359
2363
2369
2370
2376
2381
2386
2395
2404
2407
2410
2414
2423
2428
2430
2433
2446
2462
2464
2467
2468
2477
2328
2333
2390
2432
2434
2438
2480
2284
2364
2447
2266
2271
2278
2290
2299
2300
2308
2323
2324
2331
2339
2340
2347
2348
2352
2359
2369
2376
2395
2404
2410
2423
2428
2460
2462
2464
2468
2283
2313
2358
2461
2313
2450
2264
2274
2279
2280
2282
2283
2294
2327
2328
2333
2338
2344
2345
2367
2379
2384
2390
2394
2396
2415
2434
2436
2438
2451
2458
2461
2479
2264
2267
2268
2273
2279
2280
2282
2283
2285
2289
2292
2294
2302
2305
2325
2327
2328
2332
2336
2338
2343
2344
2347
2351
2368
2372
2384
2385
2400
2413
2417
2419
2436
2451
2459
2461
2463
2471
2475
2266
2271
2275
2276
2278
2290
2300
2306
2307
2308
2309
2311
2323
2324
2326
2331
2334
2339
2340
2347
2348
2352
2354
2356
2359
2363
2369
2370
2374
2376
2381
2386
2392
2395
2404
2407
2408
2409
2410
2414
2423
2428
2430
2433
2446
2449
2460
2464
2467
2468
2469
2476
2477
2478
2482
2266
2271
2275
2278
2287
2290
2299
2300
2306
2307
2308
2309
2323
2326
2329
2331
2334
2339
2340
2347
2348
2352
2353
2354
2356
2359
2363
2369
2370
2374
2376
2381
2386
2391
2395
2407
2408
2409
2410
2414
2418
2423
2428
2430
2433
2446
2460
2464
2467
2469
2477
2482
2260
2342
2360
2421
2437
2260
2313
2314
2322
2325
2342
2403
2411
2412
2424
2440
2266
2271
2275
2276
2278
2290
2299
2300
2306
2307
2308
2309
2323
2324
2326
2329
2331
2339
2340
2348
2352
2354
2356
2359
2363
2369
2370
2374
2376
2381
2386
2395
2404
2409
2410
2414
2418
2423
2428
2430
2433
2460
2464
2467
2468
2469
2482
2261
2266
2271
2275
2276
2278
2290
2299
2306
2308
2309
2323
2324
2326
2329
2331
2339
2340
2348
2354
2363
2369
2374
2376
2395
2404
2408
2409
2410
2414
2428
2430
2433
2446
2460
2462
2464
2468
2477
2282
2327
2328
2333
2344
2377
2384
2390
2394
2396
2415
2432
2434
2438
2479
2264
2267
2268
2273
2274
2279
2282
2283
2285
2289
2292
2293
2294
2295
2302
2305
2315
2319
2325
2327
2328
2332
2333
2336
2338
2343
2344
2347
2351
2368
2372
2377
2384
2385
2390
2394
2396
2398
2399
2415
2417
2419
2420
2434
2436
2438
2445
2451
2458
2461
2463
2465
2471
2472
2473
2475
2479
2266
2271
2275
2278
2290
2300
2306
2308
2309
2323
2324
2339
2340
2347
2348
2352
2353
2354
2356
2359
2369
2370
2374
2376
2381
2383
2386
2404
2408
2410
2414
2418
2423
2428
2429
2430
2433
2446
2464
2468
2477
2478
2482
2313
2439
2450
2260
2322
2361
2412
2261
2266
2271
2275
2276
2278
2290
2299
2307
2309
2323
2324
2326
2329
2331
2334
2339
2340
2348
2350
2352
2354
2359
2363
2376
2395
2404
2408
2409
2414
2418
2423
2433
2460
2462
2464
2468
2469
2477
2268
2284
2312
2337
2351
2355
2364
2365
2378
2389
2413
2447
2459
2264
2268
2272
2273
2279
2282
2283
2292
2294
2302
2305
2310
2315
2317
2319
2325
2327
2328
2336
2343
2344
2345
2347
2351
2367
2368
2372
2377
2384
2385
2394
2416
2419
2420
2434
2436
2458
2461
2463
2465
2471
2472
2475
2480
2261
2266
2271
2275
2276
2278
2287
2290
2299
2300
2303
2306
2307
2308
2309
2323
2324
2326
2329
2331
2334
2339
2340
2347
2348
2352
2354
2356
2359
2363
2369
2370
2374
2376
2381
2386
2392
2395
2404
2408
2409
2410
2414
2423
2428
2429
2430
2433
2446
2460
2462
2464
2467
2468
2469
2477
2478
2482
2313
2361
2371
2397
2412
2474
2260
2313
2317
2405
2412
2448
2266
2271
2275
2276
2278
2290
2299
2306
2307
2308
2309
2323
2324
2326
2329
2331
2334
2339
2340
2347
2352
2354
2356
2359
2363
2369
2370
2374
2376
2381
2392
2395
2408
2409
2410
2414
2418
2423
2427
2428
2430
2433
2460
2464
2467
2468
2469
2477
2482
2261
2266
2271
2275
2278
2290
2299
2300
2307
2308
2309
2323
2326
2339
2340
2347
2348
2352
2353
2354
2356
2359
2363
2369
2370
2374
2376
2381
2386
2404
2407
2408
2409
2410
2414
2418
2423
2428
2430
2433
2446
2460
2464
2477
2261
2266
2271
2275
2276
2278
2287
2290
2299
2300
2306
2307
2308
2309
2311
2323
2324
2326
2329
2331
2334
2339
2340
2347
2348
2352
2353
2354
2356
2359
2363
2369
2370
2374
2376
2381
2386
2387
2391
2395
2404
2407
2408
2409
2410
2414
2418
2428
2429
2430
2433
2446
2460
2462
2464
2467
2469
2477
2478
2482
2266
2271
2275
2276
2278
2287
2290
2299
2306
2307
2308
2309
2311
2323
2324
2326
2331
2334
2339
2340
2347
2352
2354
2356
2359
2363
2369
2370
2374
2376
2381
2387
2395
2404
2408
2409
2410
2414
2423
2428
2433
2446
2460
2464
2467
2468
2469
2477
2478
2482
2273
2279
2282
2283
2289
2292
2294
2295
2298
2302
2304
2319
2327
2328
2332
2333
2336
2338
2343
2344
2347
2351
2368
2372
2384
2398
2399
2419
2434
2451
2458
2461
2463
2471
2475
2283
2301
2313
2317
2335
2341
2360
2361
2366
2371
2405
2412
2424
2440
2448
2455
2268
2279
2283
2289
2292
2302
2312
2319
2327
2328
2330
2332
2333
2336
2338
2343
2351
2355
2367
2372
2384
2389
2394
2396
2398
2400
2419
2436
2445
2451
2458
2463
2471
2473
2267
2268
2278
2279
2283
2287
2292
2294
2302
2304
2310
2322
2328
2332
2333
2338
2344
2347
2351
2355
2368
2372
2384
2399
2400
2436
2438
2463
2475
2479
2260
2313
2317
2342
2357
2371
2373
2397
2402
2405
2412
2440
2448
2313
2341
2397
2448
2261
2266
2271
2275
2276
2278
2287
2290
2299
2300
2306
2307
2308
2309
2311
2323
2324
2326
2331
2334
2339
2340
2347
2348
2352
2353
2354
2356
2359
2363
2369
2370
2374
2376
2381
2386
2395
2404
2407
2408
2409
2410
2414
2418
2423
2428
2430
2433
2446
2449
2460
2462
2464
2467
2468
2469
2476
2477
2478
2482
2264
2273
2274
2280
2282
2292
2294
2304
2319
2324
2327
2328
2333
2336
2343
2344
2368
2377
2384
2390
2394
2396
2399
2415
2419
2432
2434
2438
2451
2458
2461
2462
2471
2475
2479
2267
2268
2272
2273
2279
2282
2283
2289
2291
2292
2294
2296
2302
2310
2313
2315
2318
2319
2322
2325
2328
2330
2333
2336
2343
2344
2351
2362
2366
2367
2368
2372
2377
2384
2394
2398
2399
2406
2416
2417
2419
2436
2440
2445
2451
2461
2463
2471
2474
2475
2480
2264
2268
2273
2279
2283
2285
2289
2292
2302
2315
2319
2332
2333
2336
2347
2351
2372
2384
2385
2398
2399
2417
2451
2463
2465
2471
2264
2267
2268
2279
2282
2283
2292
2293
2302
2315
2319
2330
2332
2333
2336
2338
2347
2351
2372
2384
2417
2420
2436
2463
2472
2475
2261
2275
2300
2307
2308
2326
2340
2347
2354
2363
2370
2374
2376
2404
2408
2409
2418
2423
2428
2446
2464
2467
2477
2267
2279
2282
2283
2293
2319
2328
2333
2347
2351
2384
2385
2398
2420
2468
2267
2273
2279
2282
2283
2289
2292
2293
2294
2302
2305
2315
2319
2325
2328
2332
2333
2336
2338
2344
2347
2351
2368
2372
2377
2384
2385
2387
2394
2398
2417
2420
2436
2445
2451
2458
2461
2463
2465
2471
2472
2266
2271
2275
2276
2278
2290
2299
2306
2307
2308
2309
2311
2323
2324
2326
2329
2331
2334
2339
2340
2347
2348
2352
2354
2356
2359
2363
2369
2370
2374
2381
2386
2392
2395
2407
2408
2409
2410
2414
2418
2423
2428
2430
2433
2446
2460
2464
2467
2468
2469
2477
2482
2261
2266
2271
2275
2276
2278
2290
2299
2307
2308
2309
2311
2323
2324
2326
2329
2331
2339
2340
2347
2352
2354
2356
2359
2363
2369
2370
2374
2376
2381
2392
2395
2404
2408
2409
2410
2414
2423
2428
2430
2433
2446
2464
2467
2468
2477
2270
2272
2289
2318
2362
2416
2419
2425
2261
2266
2271
2275
2276
2278
2287
2290
2299
2300
2303
2306
2307
2308
2309
2311
2323
2324
2326
2328
2329
2331
2334
2336
2339
2340
2347
2348
2352
2354
2356
2359
2363
2369
2370
2374
2376
2381
2386
2387
2392
2393
2395
2398
2404
2407
2408
2409
2410
2414
2423
2427
2428
2429
2430
2433
2443
2446
2449
2454
2460
2462
2464
2467
2468
2469
2476
2478
2482
2273
2279
2283
2289
2292
2294
2302
2315
2319
2328
2336
2343
2365
2368
2377
2384
2420
2436
2451
2461
2463
2471
2472
2475
2268
2282
2283
2289
2292
2315
2319
2330
2332
2333
2336
2351
2384
2398
2401
2436
2445
2451
2463
2465
2471
2472
2277
2289
2296
2313
2322
2325
2357
2366
2367
2406
2416
2473
2341
2361
2371
2405
2411
2424
2455
2262
2266
2271
2288
2300
2311
2339
2350
2376
2383
2387
2391
2404
2428
2443
2476
2478
2264
2279
2282
2283
2289
2292
2293
2295
2302
2315
2327
2328
2332
2333
2336
2338
2347
2351
2372
2384
2394
2398
2417
2458
2461
2463
2465
2472
2268
2273
2279
2282
2283
2289
2292
2293
2294
2302
2319
2325
2328
2330
2332
2333
2336
2338
2343
2344
2347
2351
2368
2372
2384
2385
2398
2399
2419
2434
2436
2445
2461
2463
2471
2475
2261
2266
2271
2275
2276
2278
2287
2290
2299
2300
2306
2307
2308
2309
2323
2324
2326
2329
2331
2334
2339
2340
2347
2348
2350
2352
2353
2354
2356
2359
2369
2370
2374
2376
2381
2386
2392
2395
2404
2408
2409
2410
2414
2418
2423
2428
2429
2430
2433
2446
2460
2464
2467
2468
2469
2478
2482
2267
2273
2289
2292
2294
2319
2328
2336
2338
2343
2344
2347
2351
2368
2377
2384
2399
2419
2436
2461
2463
2468
2471
2475
2357
2373
2388
2405
2264
2267
2268
2273
2279
2282
2283
2289
2292
2293
2294
2302
2315
2319
2325
2327
2328
2332
2333
2336
2338
2343
2344
2347
2351
2372
2377
2384
2385
2396
2398
2419
2420
2434
2451
2461
2463
2465
2468
2471
2472
2475
2266
2271
2275
2276
2278
2290
2299
2306
2307
2308
2309
2323
2324
2326
2329
2334
2339
2340
2347
2352
2354
2356
2359
2363
2369
2370
2374
2376
2381
2386
2391
2395
2404
2407
2408
2409
2410
2414
2418
2423
2428
2429
2430
2460
2464
2467
2468
2469
2477
2478
2482
2270
2273
2283
2289
2310
2318
2325
2328
2343
2344
2368
2416
2419
2425
2438
2475
2322
2341
2360
2388
2412
2424
2455
2268
2337
2364
2365
2378
2417
2447
2459
2335
2411
2474
2284
2297
2346
2364
2365
2260
2313
2341
2360
2361
2405
2412
2455
2264
2267
2280
2282
2292
2294
2304
2327
2328
2333
2336
2338
2344
2367
2379
2384
2390
2394
2396
2415
2417
2434
2438
2451
2458
2471
2473
2475
2479
2313
2325
2341
2371
2405
2283
2328
2344
2368
2395
2399
2266
2271
2276
2278
2290
2300
2306
2323
2324
2340
2348
2352
2363
2369
2376
2381
2404
2423
2428
2433
2462
2464
2468
2261
2266
2271
2275
2276
2278
2290
2299
2300
2309
2323
2324
2329
2340
2347
2352
2369
2376
2381
2404
2408
2410
2414
2423
2449
2460
2462
2464
2468
2289
2335
2361
2371
2405
2281
2421
2273
2279
2283
2289
2292
2294
2295
2302
2304
2327
2328
2332
2336
2338
2343
2344
2347
2368
2372
2377
2384
2385
2398
2399
2419
2434
2436
2451
2461
2463
2471
2472
2475
2320
2349
2399
2401
2426
2444
2466
2268
2284
2297
2337
2346
2364
2365
2378
2417
2435
2447
2459
2261
2266
2271
2275
2276
2278
2290
2299
2300
2307
2308
2309
2311
2323
2324
2326
2329
2331
2339
2340
2347
2348
2350
2352
2353
2354
2356
2359
2363
2369
2370
2374
2376
2381
2386
2391
2395
2404
2407
2408
2409
2410
2414
2418
2428
2430
2433
2446
2460
2462
2464
2467
2468
2469
2478
2482
2260
2286
2314
2335
2341
2357
2403
2405
2411
2412
2264
2267
2268
2279
2283
2285
2289
2292
2294
2296
2319
2325
2327
2328
2330
2336
2338
2343
2368
2372
2377
2384
2398
2419
2434
2436
2445
2451
2458
2461
2463
2471
2475
2286
2289
2264
2267
2272
2273
2282
2289
2292
2294
2304
2310
2318
2322
2325
2328
2333
2336
2343
2344
2351
2362
2366
2372
2377
2384
2406
2416
2419
2425
2453
2461
2463
2471
2475
2480
2282
2294
2304
2325
2328
2333
2451
2316
2321
2266
2271
2278
2290
2300
2307
2308
2309
2311
2324
2331
2334
2347
2352
2354
2356
2359
2363
2376
2381
2404
2414
2423
2430
2464
2477
2264
2267
2268
2279
2282
2283
2285
2289
2292
2294
2302
2304
2327
2328
2330
2332
2336
2338
2344
2347
2351
2368
2372
2377
2384
2385
2398
2417
2420
2434
2436
2451
2458
2461
2465
2472
2357
2371
2373
2405
2412
2440
2452
2480
2264
2267
2273
2279
2282
2283
2289
2292
2293
2294
2302
2315
2319
2327
2328
2332
2333
2336
2338
2344
2345
2347
2351
2367
2368
2372
2384
2385
2394
2398
2420
2434
2436
2451
2458
2461
2465
2468
2471
2472
2475
2261
2266
2271
2275
2276
2278
2287
2290
2306
2307
2308
2309
2311
2323
2324
2326
2331
2334
2339
2340
2347
2348
2352
2354
2356
2359
2363
2369
2370
2374
2376
2381
2386
2392
2395
2407
2408
2409
2410
2414
2428
2429
2430
2433
2446
2449
2460
2464
2468
2469
2476
2478
2482
2289
2425
2434
2277
2296
2366
2367
2379
2406
2425
2473
2264
2267
2268
2273
2279
2282
2283
2285
2289
2292
2293
2294
2295
2302
2315
2319
2327
2328
2330
2332
2333
2336
2338
2343
2344
2347
2351
2368
2372
2377
2379
2384
2394
2398
2417
2419
2420
2436
2445
2451
2458
2461
2463
2465
2471
2472
2475
2261
2266
2271
2275
2276
2278
2290
2299
2300
2306
2307
2308
2309
2311
2323
2324
2326
2329
2331
2339
2340
2347
2348
2352
2353
2354
2356
2359
2363
2369
2370
2374
2376
2381
2386
2391
2392
2395
2404
2407
2408
2409
2410
2414
2418
2423
2428
2429
2430
2433
2446
2460
2464
2469
2477
2478
2482
2266
2268
2279
2283
2285
2288
2289
2292
2303
2309
2319
2327
2330
2334
2336
2347
2351
2372
2384
2387
2391
2393
2394
2395
2398
2417
2419
2427
2429
2436
2449
2451
2458
2463
2471
2472
2476
2478
2261
2266
2271
2275
2276
2278
2290
2299
2308
2309
2323
2324
2326
2329
2331
2339
2340
2347
2348
2352
2353
2354
2356
2359
2363
2369
2374
2376
2381
2386
2391
2392
2395
2404
2407
2409
2410
2418
2423
2428
2430
2433
2446
2460
2464
2467
2469
2482
2264
2273
2279
2282
2283
2289
2292
2302
2305
2315
2319
2328
2332
2333
2336
2338
2343
2347
2351
2372
2384
2420
2436
2451
2465
2471
2472
2475
2297
2364
2365
2435
2447
2459
2472
2316
2335
2373
2397
2411
2273
2279
2282
2283
2285
2289
2292
2294
2302
2315
2319
2325
2327
2328
2329
2330
2332
2333
2336
2338
2347
2351
2372
2384
2394
2399
2417
2420
2438
2461
2463
2465
2471
2472
2473
2475
2268
2273
2279
2282
2283
2289
2292
2294
2302
2315
2319
2325
2328
2330
2332
2333
2336
2338
2344
2347
2351
2372
2384
2417
2419
2420
2434
2461
2463
2465
2471
2472
2475
2260
2313
2341
2361
2371
2440
2455
2264
2273
2279
2282
2283
2294
2319
2328
2332
2336
2344
2368
2384
2419
2434
2461
2463
2471
2273
2274
2279
2280
2282
2283
2289
2292
2294
2302
2304
2313
2315
2319
2325
2327
2328
2332
2333
2336
2338
2343
2344
2345
2347
2351
2361
2367
2368
2372
2377
2384
2385
2390
2394
2396
2398
2399
2417
2419
2420
2432
2434
2438
2451
2458
2461
2463
2465
2468
2471
2472
2475
2479
2261
2266
2271
2275
2276
2278
2290
2299
2307
2308
2309
2323
2324
2326
2329
2331
2339
2340
2347
2348
2352
2353
2354
2356
2359
2363
2369
2370
2374
2376
2381
2386
2392
2395
2404
2407
2408
2409
2410
2414
2418
2423
2428
2429
2430
2433
2446
2460
2462
2464
2467
2469
2477
2478
2261
2266
2271
2275
2276
2278
2290
2299
2300
2307
2308
2309
2323
2324
2326
2329
2331
2334
2339
2340
2347
2348
2352
2354
2356
2359
2363
2369
2370
2374
2376
2381
2386
2395
2404
2408
2409
2410
2414
2418
2423
2428
2430
2433
2446
2460
2464
2467
2468
2469
2477
2478
2482
2284
2297
2346
2364
2365
2378
2389
2447
2459
2264
2267
2268
2273
2289
2292
2294
2302
2312
2319
2328
2336
2338
2343
2355
2368
2384
2389
2399
2400
2413
2445
2461
2463
2471
2475
2421
2437
2325
2366
2416
2473
2261
2266
2271
2275
2276
2278
2287
2290
2299
2300
2306
2307
2308
2309
2323
2324
2326
2329
2331
2334
2339
2340
2347
2348
2352
2353
2354
2356
2359
2363
2369
2370
2374
2376
2381
2386
2391
2392
2395
2404
2407
2408
2409
2410
2414
2418
2423
2428
2429
2430
2433
2446
2460
2462
2464
2467
2468
2469
2477
2478
2482
2320
2349
2393
2426
2444
2466
2478
2292
2302
2324
2333
2347
2384
2385
2462
2270
2272
2283
2289
2296
2325
2362
2416
2419
2425
2480
2266
2271
2290
2306
2309
2323
2324
2326
2333
2340
2347
2348
2354
2359
2369
2374
2381
2385
2395
2404
2410
2414
2423
2446
2464
2469
2272
2289
2291
2296
2313
2318
2322
2325
2327
2345
2362
2366
2367
2396
2406
2416
2419
2425
2473
2261
2266
2271
2275
2290
2299
2308
2309
2323
2324
2329
2331
2334
2339
2340
2347
2353
2356
2363
2369
2370
2374
2376
2381
2386
2395
2404
2408
2409
2410
2414
2418
2423
2428
2429
2433
2460
2462
2464
2468
2469
2482
2261
2266
2271
2275
2276
2278
2290
2299
2308
2309
2324
2326
2331
2339
2352
2353
2369
2374
2386
2391
2404
2407
2409
2410
2433
2446
2464
2467
2468
2265
2288
2289
2291
2302
2313
2318
2345
2366
2367
2406
2453
2264
2267
2268
2279
2283
2285
2292
2302
2333
2336
2372
2384
2385
2417
2445
2266
2271
2275
2290
2299
2307
2309
2323
2324
2331
2334
2339
2340
2347
2352
2354
2356
2359
2363
2369
2370
2374
2381
2383
2386
2404
2407
2408
2409
2410
2414
2418
2423
2428
2429
2446
2460
2464
2467
2477
2482
2313
2375
2422
2439
2448
2450
2261
2266
2271
2275
2276
2278
2290
2299
2300
2303
2306
2307
2308
2309
2323
2324
2326
2329
2331
2334
2339
2340
2347
2348
2352
2354
2356
2359
2363
2369
2370
2374
2376
2381
2386
2387
2391
2392
2395
2404
2408
2409
2410
2414
2418
2423
2427
2428
2429
2430
2433
2446
2460
2464
2467
2468
2469
2477
2482
2345
2406
2261
2266
2271
2275
2276
2278
2287
2290
2299
2300
2306
2307
2308
2309
2311
2323
2324
2326
2329
2331
2334
2339
2340
2347
2348
2352
2353
2354
2356
2359
2363
2369
2370
2374
2376
2381
2386
2392
2395
2404
2407
2408
2409
2410
2414
2418
2423
2428
2429
2430
2433
2446
2460
2462
2464
2468
2469
2477
2482
2328
2333
2344
2350
2384
2390
2394
2396
2415
2432
2434
2438
2479
2272
2274
2327
2328
2333
2344
2377
2384
2390
2415
2432
2434
2438
2479
2266
2268
2279
2280
2282
2283
2289
2294
2295
2319
2327
2328
2330
2332
2333
2336
2338
2345
2347
2367
2372
2379
2384
2385
2394
2398
2417
2436
2445
2451
2458
2463
2471
2267
2268
2273
2279
2280
2282
2283
2289
2292
2294
2295
2302
2319
2327
2328
2330
2332
2333
2336
2338
2343
2344
2345
2347
2351
2367
2384
2398
2419
2420
2436
2445
2451
2458
2461
2463
2465
2471
2475
2284
2364
2378
2472
2283
2296
2304
2310
2322
2325
2345
2366
2367
2368
2379
2406
2416
2419
2434
2461
2475
2263
2313
2371
2260
2313
2316
2317
2322
2342
2361
2371
2397
2402
2411
2440
2448
2261
2266
2271
2275
2276
2278
2287
2290
2299
2300
2306
2307
2308
2309
2323
2324
2326
2329
2331
2334
2339
2340
2347
2348
2352
2353
2354
2356
2359
2363
2369
2370
2374
2376
2381
2386
2391
2392
2393
2395
2404
2408
2409
2410
2414
2418
2423
2428
2429
2430
2433
2438
2443
2446
2460
2462
2464
2467
2468
2469
2476
2478
2482
2283
2313
2358
2277
2313
2316
2317
2322
2341
2361
2371
2397
2405
2411
2440
2448
2474
2267
2268
2280
2289
2292
2296
2313
2325
2327
2333
2336
2345
2366
2367
2379
2384
2394
2417
2445
2455
2471
2473
2261
2266
2271
2275
2276
2278
2287
2290
2299
2300
2306
2307
2308
2309
2311
2323
2324
2326
2328
2329
2331
2334
2339
2340
2343
2347
2348
2350
2351
2352
2353
2354
2356
2359
2363
2369
2370
2374
2376
2381
2386
2391
2392
2395
2404
2407
2408
2409
2410
2418
2423
2428
2429
2430
2433
2446
2460
2464
2468
2469
2477
2482
2266
2303
2311
2334
2386
2387
2391
2393
2404
2410
2429
2449
2476
2478
2265
2274
2280
2282
2283
2288
2294
2304
2322
2327
2328
2332
2333
2344
2377
2384
2390
2394
2396
2415
2432
2434
2438
2451
2458
2461
2479
2260
2317
2322
2335
2341
2342
2360
2361
2371
2405
2411
2440
2448
2261
2276
2290
2306
2308
2309
2324
2326
2331
2334
2339
2340
2347
2348
2352
2354
2356
2363
2369
2370
2381
2383
2395
2404
2408
2410
2414
2423
2428
2429
2430
2446
2460
2462
2464
2467
2482
2260
2335
2341
2360
2361
2411
2455
2267
2293
2327
2332
2336
2338
2347
2372
2385
2436
2458
2480
2261
2266
2271
2275
2276
2278
2287
2290
2299
2306
2307
2308
2309
2323
2324
2326
2329
2331
2334
2339
2340
2347
2348
2352
2353
2354
2356
2359
2363
2369
2370
2374
2376
2381
2386
2391
2392
2395
2404
2407
2408
2409
2410
2414
2423
2428
2430
2433
2446
2449
2460
2462
2464
2467
2468
2469
2476
2477
2478
2482
2268
2273
2279
2282
2283
2285
2289
2292
2294
2302
2319
2328
2333
2336
2343
2344
2347
2351
2377
2384
2398
2399
2417
2419
2420
2434
2436
2445
2451
2463
2465
2471
2475
2272
2278
2289
2298
2313
2318
2325
2362
2395
2399
2425
2452
2480
2264
2266
2267
2274
2280
2282
2294
2327
2328
2333
2336
2344
2384
2387
2390
2394
2396
2398
2415
2434
2438
2451
2458
2479
2266
2271
2275
2276
2278
2287
2290
2299
2306
2307
2308
2309
2323
2324
2326
2329
2331
2334
2339
2340
2347
2348
2352
2353
2354
2356
2359
2363
2369
2370
2374
2376
2381
2386
2391
2392
2395
2404
2407
2408
2409
2410
2414
2418
2423
2428
2429
2430
2433
2446
2460
2462
2464
2467
2468
2469
2477
2482
2281
2301
2268
2273
2282
2283
2289
2294
2302
2304
2328
2333
2343
2344
2347
2351
2355
2368
2377
2384
2389
2419
2434
2438
2461
2463
2471
2475
2267
2273
2282
2283
2285
2289
2292
2294
2302
2304
2327
2328
2332
2333
2336
2343
2344
2347
2355
2362
2368
2377
2384
2389
2398
2399
2413
2419
2434
2458
2461
2463
2471
2475
2480
2286
2314
2335
2397
2405
2268
2279
2313
2332
2336
2372
2434
2268
2273
2279
2289
2294
2302
2312
2319
2328
2332
2333
2343
2344
2347
2355
2368
2372
2384
2389
2398
2399
2400
2413
2419
2436
2445
2461
2463
2471
2473
2475
2313
2282
2294
2304
2328
2333
2266
2275
2278
2290
2300
2306
2307
2308
2309
2311
2324
2326
2329
2331
2334
2339
2340
2347
2348
2352
2354
2356
2359
2363
2369
2370
2374
2386
2395
2407
2408
2409
2410
2414
2428
2430
2433
2446
2449
2460
2464
2467
2468
2469
2477
2482
2264
2267
2268
2279
2282
2285
2289
2319
2327
2328
2330
2336
2343
2344
2372
2385
2396
2398
2419
2436
2445
2451
2458
2463
2471
2475
2320
2453
2466
2265
2291
2266
2271
2275
2276
2278
2290
2299
2307
2308
2309
2323
2324
2326
2331
2339
2340
2347
2352
2353
2354
2356
2359
2363
2369
2370
2374
2376
2381
2386
2392
2404
2409
2410
2414
2418
2423
2428
2429
2446
2462
2464
2469
2477
2478
2266
2311
2326
2329
2354
2356
2369
2376
2393
2404
2408
2409
2410
2428
2468
2477
2478
2268
2280
2327
2333
2336
2345
2347
2372
2379
2384
2394
2398
2401
2417
2420
2443
2445
2451
2468
2471
2473
2475
2289
2341
2397
2412
2266
2271
2276
2290
2299
2300
2323
2324
2326
2331
2339
2340
2347
2352
2353
2356
2359
2369
2370
2376
2381
2392
2408
2409
2410
2414
2423
2428
2464
2468
2266
2300
2350
2387
2391
2313
2431
2267
2273
2280
2282
2294
2302
2327
2333
2338
2344
2347
2368
2372
2377
2379
2385
2394
2396
2417
2458
2461
2463
2465
2472
2473
2291
2406
2271
2275
2276
2278
2287
2288
2290
2292
2299
2300
2303
2306
2307
2308
2309
2311
2323
2324
2326
2329
2331
2334
2336
2339
2340
2347
2348
2350
2352
2353
2354
2356
2359
2363
2369
2370
2374
2376
2381
2386
2387
2391
2392
2393
2395
2404
2407
2408
2409
2410
2414
2418
2423
2427
2428
2429
2430
2433
2443
2446
2449
2454
2460
2462
2464
2467
2468
2469
2476
2477
2478
2482
2268
2273
2282
2283
2285
2292
2293
2294
2302
2304
2325
2336
2338
2351
2377
2384
2385
2394
2458
2461
2463
2472
2473
2475
2279
2283
2285
2289
2292
2302
2319
2327
2330
2336
2364
2372
2378
2384
2385
2394
2398
2406
2417
2419
2436
2445
2447
2451
2458
2459
2463
2471
2318
2416
2425
2275
2276
2278
2290
2300
2307
2308
2309
2323
2324
2326
2329
2331
2334
2339
2340
2347
2348
2350
2352
2354
2356
2359
2363
2369
2370
2374
2376
2381
2395
2404
2408
2409
2410
2414
2418
2423
2430
2433
2446
2460
2464
2467
2468
2469
2477
2482
2289
2310
2318
2325
2362
2416
2419
2432
2480
2282
2283
2285
2289
2292
2294
2302
2327
2328
2333
2343
2344
2347
2351
2377
2384
2399
2419
2461
2463
2471
2475
2328
2333
2344
2351
2377
2384
2390
2396
2415
2434
2438
2479
2276
2290
2299
2306
2307
2308
2309
2323
2324
2326
2329
2331
2339
2340
2347
2348
2352
2354
2356
2359
2363
2369
2370
2374
2376
2381
2386
2391
2392
2395
2404
2408
2409
2410
2414
2418
2423
2428
2429
2430
2433
2460
2462
2464
2467
2469
2477
2482
2278
2290
2299
2307
2309
2311
2323
2324
2329
2331
2339
2340
2347
2348
2352
2354
2363
2369
2370
2374
2376
2381
2386
2395
2404
2408
2409
2410
2414
2418
2423
2460
2462
2464
2467
2469
2335
2357
2373
2411
2474
2287
2290
2300
2303
2306
2307
2308
2309
2323
2324
2326
2329
2331
2339
2340
2347
2348
2352
2354
2356
2359
2363
2369
2370
2374
2376
2392
2395
2404
2408
2409
2410
2414
2423
2428
2433
2446
2460
2462
2464
2468
2477
2482
2282
2283
2292
2293
2302
2315
2319
2327
2328
2330
2332
2333
2336
2338
2345
2347
2351
2368
2372
2384
2385
2394
2396
2398
2399
2417
2420
2434
2436
2445
2451
2458
2461
2463
2468
2471
2472
2479
2282
2283
2294
2327
2328
2333
2336
2345
2367
2379
2384
2390
2394
2396
2434
2438
2451
2458
2301
2283
2285
2289
2292
2293
2294
2302
2304
2310
2313
2315
2319
2327
2328
2332
2333
2336
2338
2343
2344
2347
2351
2368
2372
2377
2384
2390
2394
2396
2399
2419
2420
2432
2434
2438
2451
2458
2461
2463
2465
2471
2472
2475
2479
2289
2292
2293
2294
2302
2304
2315
2319
2327
2328
2332
2333
2336
2338
2342
2343
2344
2347
2351
2355
2358
2368
2372
2384
2385
2394
2396
2398
2399
2420
2436
2438
2445
2451
2458
2461
2463
2465
2468
2471
2472
2346
2364
2365
2378
2447
2459
2294
2302
2305
2333
2336
2338
2351
2372
2377
2390
2398
2461
2472
2314
2335
2361
2371
2403
2411
2440
2309
2311
2323
2324
2326
2331
2339
2340
2352
2363
2370
2376
2386
2409
2410
2418
2428
2446
2464
2300
2309
2345
2350
2383
2391
2406
2468
2478
2291
2292
2294
2296
2302
2310
2318
2319
2322
2325
2327
2328
2330
2333
2336
2343
2347
2351
2362
2366
2367
2368
2372
2377
2384
2398
2406
2416
2417
2419
2425
2436
2440
2445
2448
2451
2461
2463
2471
2473
2474
2475
2299
2306
2307
2308
2309
2323
2324
2326
2329
2331
2334
2339
2340
2348
2352
2353
2354
2356
2359
2363
2369
2370
2374
2376
2381
2386
2395
2404
2407
2408
2409
2410
2414
2418
2423
2428
2430
2433
2446
2460
2464
2468
2469
2482
2318
2345
2406
2453
2293
2294
2302
2315
2319
2328
2332
2333
2338
2343
2347
2351
2368
2372
2377
2384
2385
2396
2400
2417
2419
2420
2425
2436
2451
2458
2461
2463
2465
2468
2471
2472
2473
2302
2319
2332
2333
2336
2338
2347
2351
2372
2384
2398
2420
2461
2468
2304
2325
2327
2328
2332
2333
2336
2343
2344
2368
2372
2377
2384
2394
2396
2399
2415
2419
2420
2432
2434
2438
2451
2458
2461
2463
2471
2475
2434
2322
2325
2345
2366
2367
2379
2406
2416
2425
2473
2337
2364
2365
2378
2435
2447
2325
2425
2480
2300
2307
2308
2309
2323
2324
2326
2331
2339
2340
2347
2348
2352
2353
2354
2356
2359
2363
2369
2370
2374
2381
2392
2395
2404
2409
2410
2414
2418
2423
2428
2430
2433
2462
2464
2467
2477
2303
2309
2323
2326
2331
2334
2339
2347
2350
2353
2354
2369
2370
2374
2376
2383
2387
2391
2392
2395
2404
2410
2414
2423
2428
2429
2446
2449
2460
2464
2468
2469
2476
2478
2482
2315
2319
2324
2328
2330
2332
2333
2336
2338
2347
2351
2372
2377
2384
2385
2420
2429
2436
2461
2462
2463
2465
2468
2471
2472
2475
2339
2376
2387
2391
2393
2449
2476
2478
2310
2327
2328
2333
2344
2355
2368
2377
2384
2389
2394
2396
2399
2432
2434
2438
2461
2471
2475
2336
2372
2385
2308
2309
2324
2326
2329
2334
2339
2340
2348
2352
2354
2356
2369
2381
2395
2409
2410
2414
2428
2430
2446
2460
2482
2308
2309
2324
2326
2329
2331
2339
2340
2348
2352
2353
2356
2363
2369
2370
2374
2376
2381
2386
2395
2408
2409
2410
2414
2418
2423
2428
2430
2433
2446
2460
2464
2467
2469
2482
2309
2323
2324
2326
2331
2339
2340
2347
2348
2352
2354
2356
2363
2369
2370
2374
2381
2386
2392
2395
2404
2408
2409
2410
2414
2423
2428
2429
2430
2446
2460
2462
2464
2467
2469
2478
2482
2323
2324
2326
2329
2331
2334
2339
2340
2347
2348
2352
2353
2354
2356
2359
2363
2369
2370
2374
2376
2381
2386
2391
2392
2395
2404
2408
2409
2410
2414
2418
2423
2428
2430
2433
2446
2460
2462
2464
2467
2468
2469
2476
2477
2478
2482
2318
2325
2416
2419
2461
2324
2326
2334
2340
2354
2395
2404
2409
2410
2428
2430
2446
2460
2462
2319
2355
2384
2389
2400
2413
2317
2322
2325
2342
2358
2361
2366
2371
2375
2376
2380
2388
2402
2406
2411
2422
2431
2433
2439
2440
2441
2443
2448
2450
2456
2335
2397
2403
2474
2319
2330
2332
2333
2338
2347
2351
2372
2384
2417
2420
2451
2465
2472
2360
2402
2342
2360
2361
2371
2402
2411
2412
2440
2448
2456
2474
2325
2362
2406
2415
2416
2419
2425
2480
2328
2330
2333
2336
2338
2343
2344
2347
2351
2355
2372
2384
2394
2398
2400
2419
2420
2436
2445
2451
2458
2461
2463
2471
2475
2349
2401
2426
2444
2341
2325
2335
2361
2366
2371
2397
2406
2411
2412
2419
2440
2473
2324
2326
2331
2339
2340
2347
2348
2352
2353
2354
2356
2359
2363
2370
2374
2376
2381
2386
2391
2392
2395
2404
2407
2408
2409
2410
2414
2418
2423
2428
2429
2430
2433
2446
2460
2462
2464
2467
2469
2477
2326
2329
2331
2334
2339
2340
2347
2348
2353
2354
2356
2359
2363
2368
2369
2370
2376
2381
2386
2392
2395
2404
2407
2408
2409
2410
2414
2418
2428
2430
2433
2446
2460
2462
2464
2467
2469
2482
2328
2343
2351
2362
2366
2367
2379
2406
2416
2419
2425
2452
2463
2473
2475
2480
2331
2334
2339
2340
2347
2348
2352
2354
2356
2359
2363
2369
2370
2374
2376
2381
2383
2386
2392
2395
2404
2408
2409
2410
2414
2418
2423
2428
2430
2446
2460
2464
2467
2468
2477
2482
2328
2332
2333
2338
2343
2344
2345
2351
2367
2368
2372
2377
2379
2384
2390
2394
2396
2398
2415
2417
2419
2434
2436
2438
2451
2458
2461
2463
2468
2471
2473
2479
2332
2333
2336
2338
2343
2344
2351
2368
2372
2377
2384
2390
2394
2396
2398
2399
2415
2419
2420
2427
2429
2432
2434
2438
2445
2451
2458
2461
2463
2471
2475
2479
2331
2339
2340
2347
2354
2359
2363
2369
2374
2395
2410
2414
2423
2428
2433
2446
2460
2462
2464
2467
2468
2477
2336
2350
2384
2417
2436
2445
2451
2463
2334
2339
2340
2347
2348
2352
2353
2354
2356
2359
2363
2369
2374
2376
2381
2386
2391
2395
2404
2407
2408
2409
2410
2414
2418
2423
2428
2430
2433
2446
2460
2462
2464
2467
2468
2469
2482
2333
2336
2338
2347
2351
2368
2372
2384
2385
2399
2434
2438
2458
2463
2465
2473
2475
2336
2338
2343
2344
2347
2351
2372
2377
2384
2390
2394
2396
2399
2415
2419
2420
2432
2434
2438
2451
2458
2461
2463
2465
2471
2472
2475
2479
2339
2347
2348
2354
2356
2363
2369
2374
2376
2386
2387
2391
2393
2395
2409
2410
2428
2429
2430
2433
2446
2449
2460
2464
2467
2468
2469
2471
2477
2478
2482
2361
2371
2403
2411
2440
2474
2338
2343
2344
2347
2351
2366
2368
2372
2379
2384
2385
2394
2398
2417
2419
2420
2434
2436
2445
2451
2458
2461
2463
2471
2472
2346
2364
2365
2378
2435
2447
2343
2344
2347
2351
2372
2377
2384
2398
2420
2436
2458
2461
2465
2468
2475
2340
2347
2348
2352
2354
2356
2359
2363
2369
2370
2374
2376
2381
2383
2386
2391
2392
2395
2404
2408
2409
2410
2414
2418
2428
2429
2430
2433
2446
2449
2460
2464
2467
2468
2469
2477
2482
2347
2348
2352
2354
2356
2359
2363
2369
2370
2374
2376
2381
2383
2386
2395
2404
2407
2408
2409
2410
2414
2418
2423
2428
2429
2430
2433
2446
2460
2464
2467
2468
2469
2477
2478
2482
2361
2412
2455
2456
2371
2397
2402
2411
2448
2450
2456
2344
2351
2384
2419
2436
2458
2461
2463
2471
2475
2345
2347
2355
2377
2384
2390
2394
2396
2399
2415
2419
2432
2434
2436
2438
2451
2461
2463
2468
2471
2475
2479
2366
2367
2379
2394
2406
2443
2449
2453
2461
2468
2364
2365
2378
2389
2435
2348
2351
2354
2356
2363
2369
2370
2372
2374
2376
2377
2381
2384
2386
2387
2395
2398
2399
2404
2407
2408
2409
2410
2414
2418
2419
2420
2423
2427
2428
2429
2430
2433
2436
2446
2451
2460
2462
2463
2464
2467
2468
2469
2471
2472
2475
2482
2352
2354
2356
2369
2376
2381
2385
2386
2395
2409
2410
2414
2423
2428
2430
2446
2460
2464
2467
2468
2469
2478
2482
2401
2426
2444
2466
2363
2391
2404
2410
2372
2377
2384
2398
2420
2436
2461
2463
2465
2471
2472
2475
2353
2354
2356
2359
2363
2369
2370
2374
2376
2381
2387
2392
2395
2404
2409
2410
2414
2423
2428
2430
2433
2460
2464
2468
2469
2477
2482
2356
2370
2386
2414
2423
2464
2467
2469
2356
2359
2363
2369
2370
2374
2376
2381
2386
2395
2404
2407
2408
2409
2410
2414
2418
2423
2428
2429
2430
2446
2460
2462
2464
2468
2469
2477
2478
2482
2384
2389
2400
2413
2459
2461
2359
2363
2369
2370
2374
2376
2381
2386
2395
2408
2409
2410
2414
2418
2423
2428
2430
2433
2446
2460
2464
2467
2468
2469
2477
2482
2397
2411
2363
2369
2370
2374
2376
2381
2395
2404
2409
2410
2414
2418
2423
2428
2430
2433
2446
2460
2462
2464
2467
2469
2477
2482
2371
2373
2397
2402
2440
2448
2455
2416
2419
2425
2480
2369
2370
2374
2376
2381
2386
2392
2395
2404
2407
2408
2409
2410
2414
2418
2423
2428
2430
2433
2446
2460
2464
2467
2469
2477
2482
2365
2378
2435
2447
2459
2378
2447
2367
2379
2406
2379
2394
2406
2461
2377
2399
2434
2458
2461
2463
2471
2370
2374
2376
2381
2386
2392
2395
2404
2407
2408
2409
2410
2414
2423
2428
2430
2433
2446
2460
2462
2464
2468
2469
2477
2482
2374
2376
2381
2386
2395
2404
2407
2408
2409
2410
2414
2418
2423
2428
2429
2430
2446
2460
2464
2467
2482
2402
2440
2448
2384
2385
2398
2417
2434
2445
2461
2463
2471
2411
2412
2376
2381
2386
2392
2395
2404
2409
2410
2414
2423
2428
2430
2433
2446
2460
2464
2467
2468
2477
2482
2439
2381
2391
2392
2395
2404
2408
2409
2410
2414
2418
2423
2428
2430
2433
2446
2460
2462
2464
2468
2469
2477
2482
2384
2390
2394
2396
2399
2415
2419
2434
2436
2438
2451
2461
2463
2471
2475
2479
2417
2447
2459
2448
2386
2391
2395
2407
2408
2409
2410
2414
2418
2423
2428
2429
2430
2433
2446
2460
2462
2464
2467
2469
2482
2456
2391
2428
2429
2478
2482
2385
2389
2390
2394
2396
2398
2399
2400
2413
2415
2417
2420
2434
2436
2438
2445
2451
2458
2461
2463
2465
2471
2472
2473
2479
2398
2420
2445
2395
2404
2408
2409
2410
2414
2418
2423
2428
2430
2464
2467
2477
2482
2391
2393
2404
2410
2427
2429
2443
2449
2454
2460
2478
2400
2413
2459
2394
2396
2415
2434
2438
2451
2468
2479
2393
2395
2404
2428
2478
2395
2404
2408
2410
2418
2428
2430
2446
2460
2464
2468
2476
2478
2482
2404
2449
2478
2396
2417
2432
2434
2438
2445
2451
2458
2461
2471
2473
2479
2404
2407
2408
2410
2414
2423
2428
2430
2433
2446
2460
2462
2464
2467
2468
2477
2482
2415
2432
2434
2438
2451
2458
2459
2465
2473
2479
2403
2411
2448
2474
2399
2401
2419
2420
2436
2445
2451
2458
2461
2463
2468
2471
2419
2434
2438
2458
2461
2463
2466
2471
2475
2413
2426
2444
2466
2448
2405
2407
2409
2410
2414
2418
2423
2428
2433
2446
2460
2467
2468
2469
2477
2412
2453
2473
2408
2409
2410
2414
2423
2428
2446
2464
2409
2410
2414
2418
2423
2428
2430
2446
2462
2464
2468
2477
2482
2410
2414
2418
2423
2428
2429
2430
2446
2460
2464
2467
2468
2469
2477
2478
2482
2414
2423
2428
2430
2433
2446
2449
2460
2462
2464
2467
2468
2469
2476
2477
2478
2482
2412
2474
2424
2455
2459
2418
2423
2428
2430
2433
2446
2460
2462
2464
2467
2468
2469
2476
2477
2478
2482
2432
2434
2438
2479
2419
2425
2480
2447
2459
2471
2473
2423
2428
2433
2446
2462
2464
2477
2434
2436
2445
2461
2463
2471
2475
2451
2458
2465
2468
2437
2441
2428
2433
2446
2460
2464
2467
2477
2482
2455
2468
2480
2444
2429
2449
2454
2476
2478
2429
2430
2433
2446
2460
2462
2464
2468
2469
2477
2482
2430
2449
2467
2478
2433
2446
2449
2460
2464
2469
2476
2478
2482
2434
2438
2446
2464
2467
2468
2477
2438
2451
2458
2461
2471
2479
2445
2451
2458
2463
2471
2475
2451
2458
2479
2480
2450
2448
2478
2451
2458
2463
2471
2460
2464
2468
2477
2482
2459
2454
2476
2478
2458
2463
2471
2479
2478
2462
2464
2467
2468
2477
2478
2482
2463
2471
2475
2464
2467
2482
2471
2475
2467
2468
2469
2482
2471
2472
2468
2469
2482
2469
2482
2478
2482
2473
2475
2482
2482
