1684
1601
1602
1603
1604
1605
1606
1607
1608
1609
1610
1611
1612
1613
1614
1615
1616
1617
1618
1619
1620
1621
1622
1623
1624
1625
1626
1627
1628
1629
1630
1631
1632
1633
1634
1635
1636
1637
1638
1639
1640
1641
1642
1643
1644
1645
1646
1647
1648
1649
1650
1651
1652
1653
1654
1655
1656
1657
1658
1659
1660
1661
1662
1663
1664
1665
1666
1667
1668
1669
1670
1671
1672
1673
1674
1675
1676
1677
1678
1679
1680
1681
1682
1683
1684
1685
1686
1687
1688
1689
1690
1691
1692
1693
1694
1695
1696
1697
1698
1699
1700
1701
1702
1703
1704
1705
1706
1707
1708
1709
1710
1711
1712
1713
1714
1715
1716
1717
1718
1719
1720
1721
1722
1723
1724
1725
1726
1727
1728
1729
1730
1731
1732
1733
1734
1735
1736
1737
1738
1739
1740
1741
1742
1743
1744
1745
1746
1747
1748
1749
1750
1751
1752
1753
1754
1755
1756
1757
1758
1759
1760
1761
1762
1763
1764
1765
1766
1767
1768
1769
1770
1771
1772
1773
1774
1775
1776
1777
1778
1779
1780
1781
1782
1783
1784
1785
1786
1787
1788
1789
1790
1791
1792
1793
1794
1795
1796
1797
1798
1799
1800
1801
1802
1803
1804
1805
1806
1807
1808
1809
1810
1811
1812
1813
1814
1815
1816
1817
1818
1819
1820
1821
1822
1823
1824
1825
1826
1827
1828
1829
1830
1831
1718
1684
1606
1616
1645
1673
1677
1679
1692
1694
1740
1744
1778
1790
1606
1616
1645
1671
1673
1677
1692
1740
1744
1767
1790
1616
1631
1645
1658
1673
1692
1694
1740
1767
1790
1801
1616
1767
1777
1630
1681
1699
1745
1770
1673
1692
1692
1740
1777
1778
1645
1673
1692
1767
1606
1611
1616
1625
1631
1638
1645
1654
1660
1661
1673
1677
1679
1680
1682
1692
1694
1695
1706
1720
1729
1732
1740
1742
1744
1751
1763
1766
1767
1773
1778
1783
1786
1790
1794
1801
1812
1820
1824
1828
1604
1616
1620
1645
1673
1677
1692
1694
1740
1778
1813
1616
1645
1677
1692
1694
1778
1609
1616
1620
1630
1644
1688
1710
1724
1730
1740
1754
1768
1778
1791
1800
1677
1679
1692
1695
1763
1767
1778
1687
1688
1745
1777
1808
1630
1673
1692
1740
1606
1616
1645
1673
1677
1679
1692
1694
1740
1743
1744
1790
1650
1680
1688
1720
1828
1645
1679
1606
1616
1620
1645
1671
1673
1674
1677
1692
1699
1727
1738
1744
1766
1767
1778
1679
1606
1616
1628
1645
1647
1671
1673
1677
1679
1692
1694
1716
1720
1744
1766
1778
1790
1808
1830
1606
1616
1625
1671
1744
1763
1766
1767
1778
1830
1694
1606
1645
1673
1679
1692
1709
1744
1763
1767
1778
1684
1611
1628
1635
1636
1638
1647
1661
1680
1691
1706
1715
1716
1720
1728
1732
1742
1751
1764
1783
1786
1790
1812
1824
1612
1620
1639
1741
1765
1768
1769
1782
1791
1799
1805
1729
1732
1742
1751
1783
1786
1820
1824
1615
1687
1698
1825
1601
1629
1648
1733
1787
1798
1611
1628
1636
1680
1691
1601
1629
1648
1733
1747
1787
1798
1658
1692
1609
1620
1622
1623
1644
1652
1653
1659
1663
1688
1689
1724
1730
1737
1746
1757
1768
1771
1795
1796
1800
1804
1811
1816
1827
1677
1685
1730
1734
1615
1687
1698
1719
1806
1825
1788
1657
1776
1808
1657
1776
1808
1620
1630
1646
1658
1675
1688
1699
1703
1709
1727
1738
1807
1813
1818
1673
1807
1818
1602
1625
1636
1671
1673
1763
1766
1778
1790
1801
1605
1610
1612
1613
1614
1617
1619
1621
1622
1623
1632
1637
1643
1662
1663
1665
1668
1685
1707
1712
1717
1718
1730
1735
1736
1746
1750
1752
1753
1754
1768
1791
1793
1796
1799
1800
1804
1809
1823
1827
1630
1661
1681
1686
1699
1703
1706
1709
1725
1727
1729
1732
1733
1738
1739
1742
1751
1770
1783
1785
1786
1787
1807
1812
1820
1824
1828
1661
1729
1732
1742
1751
1783
1786
1820
1824
1782
1792
1603
1608
1612
1613
1621
1622
1639
1643
1663
1669
1675
1683
1685
1689
1714
1718
1730
1734
1735
1750
1753
1757
1761
1765
1768
1793
1813
1823
1826
1827
1614
1626
1662
1702
1780
1800
1805
1817
1758
1703
1709
1725
1745
1781
1830
1608
1610
1612
1613
1614
1617
1618
1620
1621
1622
1623
1632
1637
1639
1643
1644
1653
1659
1663
1668
1669
1675
1683
1688
1689
1710
1714
1717
1718
1721
1724
1730
1734
1735
1736
1737
1746
1750
1752
1753
1757
1768
1769
1771
1774
1793
1795
1796
1799
1800
1804
1811
1813
1819
1827
1604
1605
1608
1663
1722
1782
1810
1603
1608
1609
1611
1612
1613
1621
1639
1663
1669
1675
1724
1730
1736
1750
1765
1768
1782
1791
1799
1811
1819
1827
1831
1676
1705
1825
1701
1616
1625
1645
1660
1671
1679
1694
1695
1763
1766
1773
1801
1645
1671
1694
1743
1829
1831
1604
1605
1620
1622
1659
1663
1665
1669
1675
1685
1722
1730
1734
1741
1754
1775
1813
1827
1649
1661
1704
1706
1729
1742
1794
1820
1603
1608
1610
1612
1613
1621
1637
1643
1663
1668
1675
1707
1714
1721
1730
1746
1750
1753
1757
1761
1768
1791
1793
1795
1799
1800
1804
1823
1827
1680
1781
1807
1606
1616
1645
1673
1677
1740
1767
1725
1749
1785
1601
1648
1733
1747
1787
1798
1829
1831
1650
1611
1628
1635
1638
1680
1691
1704
1706
1729
1742
1764
1783
1786
1794
1820
1824
1828
1638
1661
1706
1729
1732
1742
1751
1783
1786
1812
1820
1824
1828
1630
1634
1686
1703
1709
1725
1738
1748
1756
1770
1815
1704
1603
1608
1610
1612
1614
1617
1619
1621
1623
1632
1637
1653
1662
1663
1668
1683
1689
1700
1707
1712
1714
1717
1721
1730
1735
1736
1737
1741
1746
1750
1752
1753
1757
1761
1768
1782
1791
1793
1799
1800
1804
1810
1816
1819
1823
1826
1827
1603
1604
1608
1610
1612
1613
1614
1617
1621
1622
1637
1639
1653
1663
1668
1669
1683
1714
1717
1721
1730
1735
1746
1750
1752
1754
1757
1761
1765
1768
1782
1795
1799
1800
1804
1808
1813
1816
1823
1827
1625
1660
1677
1695
1763
1766
1773
1801
1630
1681
1770
1831
1687
1618
1641
1656
1687
1702
1718
1806
1603
1608
1612
1617
1621
1622
1662
1663
1689
1707
1714
1717
1730
1735
1736
1746
1750
1752
1757
1761
1791
1793
1799
1800
1810
1823
1827
1604
1605
1609
1610
1613
1619
1620
1621
1622
1637
1662
1663
1665
1670
1675
1685
1688
1707
1714
1717
1722
1730
1736
1741
1768
1791
1793
1800
1804
1809
1813
1826
1649
1661
1706
1729
1732
1742
1751
1781
1783
1786
1794
1812
1820
1824
1830
1788
1611
1628
1636
1655
1691
1715
1716
1732
1764
1601
1648
1733
1787
1798
1604
1619
1663
1809
1603
1604
1610
1612
1613
1617
1619
1622
1652
1663
1665
1668
1707
1712
1714
1736
1789
1793
1799
1800
1804
1809
1816
1823
1827
1688
1780
1671
1677
1743
1778
1831
1601
1629
1648
1733
1747
1787
1798
1802
1624
1664
1667
1672
1725
1739
1783
1634
1686
1703
1605
1610
1619
1621
1652
1662
1663
1665
1668
1707
1714
1717
1721
1730
1736
1737
1746
1757
1789
1793
1799
1800
1804
1809
1810
1813
1816
1821
1823
1826
1827
1603
1604
1614
1621
1622
1626
1637
1659
1663
1675
1685
1688
1689
1717
1721
1730
1734
1752
1753
1768
1772
1774
1782
1791
1796
1800
1813
1827
1630
1658
1696
1699
1711
1738
1794
1807
1814
1818
1827
1704
1729
1732
1742
1751
1783
1786
1794
1820
1824
1615
1687
1806
1825
1649
1704
1706
1729
1732
1783
1786
1794
1736
1809
1626
1656
1702
1640
1703
1611
1628
1636
1655
1680
1682
1716
1786
1616
1645
1677
1679
1692
1743
1801
1624
1703
1709
1748
1756
1815
1831
1603
1609
1610
1612
1613
1621
1622
1623
1626
1643
1662
1663
1669
1685
1707
1717
1721
1730
1734
1746
1750
1757
1768
1791
1793
1800
1804
1811
1813
1819
1827
1603
1608
1610
1612
1613
1621
1622
1632
1637
1643
1644
1659
1662
1663
1669
1675
1683
1685
1689
1707
1714
1717
1721
1730
1734
1746
1750
1753
1761
1765
1768
1774
1775
1782
1793
1795
1800
1804
1813
1823
1827
1611
1636
1691
1786
1604
1610
1619
1663
1668
1712
1714
1730
1736
1754
1800
1809
1821
1619
1662
1665
1668
1707
1712
1736
1791
1793
1809
1810
1649
1661
1706
1729
1742
1783
1786
1820
1828
1634
1634
1758
1794
1628
1636
1655
1715
1720
1628
1647
1655
1661
1680
1716
1720
1728
1729
1751
1824
1656
1666
1674
1678
1684
1726
1641
1701
1726
1750
1601
1629
1648
1733
1747
1784
1787
1798
1603
1604
1608
1609
1612
1613
1617
1620
1621
1622
1632
1637
1639
1643
1659
1662
1663
1669
1675
1683
1685
1688
1689
1714
1717
1721
1730
1734
1735
1746
1750
1753
1757
1761
1768
1772
1791
1793
1796
1799
1800
1804
1813
1823
1827
1630
1658
1807
1818
1620
1651
1665
1722
1730
1741
1768
1809
1813
1826
1604
1605
1608
1609
1610
1613
1620
1622
1637
1663
1665
1668
1669
1675
1712
1722
1730
1741
1768
1772
1791
1793
1804
1809
1811
1813
1722
1603
1612
1617
1621
1652
1653
1669
1707
1714
1721
1737
1746
1750
1752
1757
1799
1800
1804
1810
1821
1823
1827
1640
1667
1703
1725
1759
1616
1673
1692
1740
1767
1612
1613
1614
1618
1622
1623
1637
1639
1641
1644
1652
1653
1659
1662
1663
1683
1689
1707
1712
1717
1721
1724
1737
1741
1746
1750
1752
1765
1779
1789
1795
1799
1800
1809
1816
1819
1827
1603
1610
1612
1617
1620
1621
1622
1623
1632
1643
1644
1652
1653
1659
1662
1663
1683
1688
1689
1707
1714
1717
1721
1730
1735
1736
1741
1746
1750
1752
1757
1789
1795
1796
1799
1800
1804
1810
1816
1819
1827
1624
1667
1672
1725
1783
1603
1604
1605
1610
1612
1613
1619
1621
1662
1663
1665
1668
1683
1702
1707
1712
1714
1717
1730
1736
1741
1746
1768
1789
1791
1793
1795
1799
1800
1804
1809
1810
1813
1816
1821
1823
1826
1827
1661
1674
1708
1611
1628
1635
1636
1655
1680
1691
1716
1720
1729
1786
1790
1633
1640
1650
1667
1703
1709
1725
1770
1781
1785
1828
1624
1703
1709
1748
1756
1770
1815
1616
1692
1699
1770
1778
1713
1777
1611
1636
1638
1655
1661
1706
1725
1729
1732
1742
1751
1783
1786
1812
1820
1824
1828
1628
1636
1655
1682
1715
1603
1604
1605
1610
1612
1614
1617
1621
1622
1623
1632
1652
1653
1662
1663
1665
1668
1669
1683
1685
1707
1712
1714
1721
1730
1735
1736
1737
1741
1746
1750
1752
1757
1761
1782
1793
1799
1800
1804
1810
1816
1821
1823
1826
1827
1638
1661
1716
1720
1729
1742
1751
1786
1820
1824
1611
1628
1635
1636
1680
1691
1715
1742
1828
1661
1729
1732
1742
1746
1751
1783
1786
1812
1820
1824
1828
1628
1635
1636
1661
1691
1715
1720
1729
1786
1650
1615
1674
1687
1806
1604
1610
1614
1617
1619
1652
1663
1665
1668
1707
1712
1714
1736
1752
1789
1800
1804
1809
1816
1696
1794
1800
1603
1612
1613
1621
1622
1637
1663
1669
1675
1685
1714
1721
1730
1734
1746
1753
1757
1761
1765
1768
1775
1793
1810
1813
1827
1627
1603
1610
1612
1613
1614
1617
1632
1663
1700
1714
1718
1730
1735
1757
1761
1768
1799
1800
1823
1604
1608
1609
1613
1620
1663
1669
1675
1687
1688
1707
1722
1730
1768
1772
1774
1804
1813
1788
1666
1638
1649
1661
1704
1706
1729
1732
1742
1751
1783
1786
1812
1820
1824
1828
1615
1687
1697
1698
1806
1646
1745
1770
1778
1647
1655
1680
1691
1715
1783
1630
1650
1681
1703
1727
1770
1608
1619
1707
1736
1809
1604
1613
1619
1622
1662
1665
1668
1707
1712
1736
1768
1793
1809
1823
1624
1630
1681
1703
1709
1739
1748
1756
1770
1815
1831
1634
1686
1831
1788
1636
1680
1715
1788
1609
1610
1621
1622
1626
1663
1669
1675
1689
1721
1730
1734
1753
1757
1768
1800
1804
1811
1813
1827
1608
1609
1612
1613
1614
1621
1622
1637
1659
1663
1669
1675
1685
1688
1717
1722
1724
1730
1746
1750
1753
1754
1765
1768
1782
1791
1800
1811
1813
1816
1827
1603
1620
1621
1623
1644
1653
1659
1688
1689
1721
1724
1730
1737
1746
1750
1752
1754
1800
1813
1816
1819
1827
1779
1822
1630
1686
1699
1703
1709
1727
1738
1767
1783
1807
1620
1630
1634
1681
1686
1699
1725
1727
1738
1770
1807
1818
1607
1808
1608
1612
1613
1644
1659
1688
1689
1707
1717
1721
1724
1737
1746
1752
1761
1768
1795
1800
1819
1827
1666
1779
1822
1604
1609
1620
1637
1663
1669
1675
1685
1688
1712
1722
1754
1768
1772
1791
1793
1800
1805
1811
1813
1607
1664
1642
1603
1610
1612
1613
1617
1620
1621
1622
1623
1632
1643
1644
1652
1653
1659
1662
1663
1665
1669
1683
1685
1688
1689
1707
1712
1714
1717
1721
1724
1730
1735
1736
1737
1746
1750
1752
1754
1757
1761
1765
1768
1789
1793
1795
1796
1799
1800
1804
1810
1816
1819
1823
1827
1628
1636
1661
1715
1716
1728
1742
1676
1687
1630
1696
1699
1739
1783
1794
1736
1768
1809
1671
1694
1743
1829
1831
1739
1638
1661
1716
1729
1732
1742
1783
1786
1812
1820
1824
1828
1611
1628
1636
1647
1655
1661
1680
1682
1691
1715
1716
1824
1604
1613
1619
1620
1622
1644
1660
1662
1665
1707
1712
1736
1768
1793
1809
1823
1621
1736
1809
1624
1630
1633
1634
1672
1686
1699
1703
1709
1738
1745
1760
1770
1781
1815
1828
1624
1681
1709
1756
1815
1806
1617
1620
1662
1685
1707
1730
1736
1754
1768
1793
1813
1609
1614
1620
1621
1637
1644
1659
1688
1717
1724
1730
1737
1746
1752
1754
1765
1768
1791
1795
1800
1813
1816
1819
1827
1605
1610
1612
1613
1617
1621
1622
1623
1632
1637
1643
1644
1652
1653
1659
1662
1663
1669
1675
1683
1689
1700
1714
1717
1721
1735
1736
1737
1741
1746
1750
1752
1753
1761
1768
1795
1796
1799
1800
1804
1810
1811
1813
1816
1819
1827
1642
1702
1603
1604
1608
1612
1617
1619
1620
1621
1643
1653
1662
1663
1665
1668
1669
1675
1683
1707
1714
1717
1721
1730
1735
1736
1741
1746
1750
1752
1753
1757
1761
1768
1789
1791
1793
1799
1800
1804
1809
1810
1813
1816
1821
1823
1826
1608
1610
1612
1613
1621
1622
1623
1643
1644
1652
1653
1659
1662
1663
1683
1685
1688
1689
1707
1714
1717
1721
1724
1730
1734
1736
1737
1741
1746
1750
1752
1757
1761
1768
1791
1793
1795
1796
1800
1804
1810
1813
1816
1819
1827
1616
1645
1660
1673
1677
1695
1729
1763
1766
1767
1785
1790
1801
1704
1729
1732
1742
1751
1783
1786
1794
1820
1824
1611
1628
1647
1680
1716
1764
1604
1605
1610
1612
1619
1621
1639
1652
1662
1663
1665
1668
1707
1712
1714
1722
1736
1741
1746
1752
1757
1789
1799
1800
1804
1809
1816
1826
1605
1620
1722
1768
1687
1705
1719
1803
1806
1825
1603
1604
1605
1608
1610
1613
1617
1619
1620
1621
1622
1632
1643
1652
1659
1660
1662
1663
1665
1668
1674
1675
1679
1680
1688
1689
1707
1714
1715
1717
1721
1722
1727
1730
1735
1736
1737
1741
1746
1750
1753
1754
1757
1761
1768
1789
1799
1800
1804
1809
1810
1813
1823
1827
1830
1641
1719
1803
1624
1667
1672
1725
1783
1634
1703
1725
1749
1619
1668
1752
1804
1603
1605
1609
1617
1622
1669
1714
1741
1753
1754
1761
1768
1795
1827
1646
1667
1783
1831
1604
1692
1794
1601
1648
1733
1747
1787
1798
1802
1666
1705
1719
1803
1806
1638
1661
1729
1732
1742
1751
1783
1786
1812
1820
1824
1828
1628
1635
1636
1647
1655
1680
1715
1728
1783
1812
1604
1610
1612
1613
1619
1621
1637
1652
1662
1663
1665
1668
1707
1712
1714
1736
1741
1746
1752
1757
1761
1768
1789
1791
1793
1799
1800
1804
1809
1813
1827
1661
1729
1732
1742
1751
1783
1786
1812
1820
1706
1725
1794
1611
1628
1635
1636
1638
1647
1655
1680
1682
1691
1706
1715
1716
1720
1728
1729
1742
1764
1786
1794
1812
1824
1630
1681
1725
1727
1749
1770
1785
1603
1604
1605
1610
1612
1613
1617
1619
1620
1621
1622
1623
1643
1652
1662
1663
1665
1668
1669
1683
1707
1714
1721
1723
1730
1736
1746
1757
1768
1789
1791
1793
1796
1799
1800
1809
1810
1816
1823
1827
1661
1729
1742
1751
1783
1786
1812
1820
1824
1828
1624
1630
1681
1709
1770
1609
1620
1622
1659
1663
1688
1710
1711
1717
1721
1724
1730
1750
1753
1754
1791
1795
1800
1813
1819
1827
1788
1612
1620
1644
1653
1683
1688
1710
1714
1721
1724
1735
1737
1746
1750
1752
1757
1771
1789
1796
1799
1800
1804
1819
1827
1602
1606
1625
1645
1660
1695
1740
1744
1763
1766
1767
1773
1616
1677
1692
1744
1746
1767
1778
1808
1628
1647
1655
1680
1691
1716
1608
1609
1617
1688
1730
1754
1800
1816
1827
1604
1608
1609
1610
1613
1621
1622
1637
1662
1663
1665
1675
1683
1707
1714
1717
1722
1730
1736
1746
1768
1772
1791
1793
1795
1800
1804
1809
1811
1813
1826
1827
1601
1629
1648
1733
1747
1787
1798
1611
1628
1636
1655
1682
1715
1716
1781
1830
1681
1744
1770
1616
1645
1673
1677
1679
1692
1740
1743
1744
1790
1801
1610
1612
1614
1617
1619
1639
1662
1668
1707
1712
1735
1765
1782
1799
1804
1805
1604
1608
1609
1610
1622
1626
1637
1639
1659
1662
1663
1665
1669
1675
1683
1689
1702
1707
1735
1736
1753
1754
1768
1772
1774
1793
1799
1800
1804
1810
1811
1813
1827
1604
1610
1612
1619
1620
1652
1662
1663
1665
1668
1707
1712
1714
1730
1736
1757
1789
1793
1795
1799
1800
1804
1809
1810
1816
1823
1827
1603
1604
1605
1608
1610
1612
1613
1614
1617
1619
1621
1622
1623
1643
1659
1662
1663
1665
1668
1669
1675
1678
1683
1685
1689
1707
1712
1714
1717
1718
1721
1730
1735
1736
1737
1741
1746
1752
1753
1754
1757
1761
1765
1768
1782
1793
1799
1800
1804
1809
1810
1813
1816
1819
1821
1823
1826
1827
1640
1703
1709
1725
1759
1785
1603
1610
1612
1620
1621
1622
1650
1663
1675
1689
1714
1724
1727
1730
1735
1746
1750
1761
1768
1793
1799
1800
1804
1810
1819
1823
1827
1611
1628
1636
1647
1655
1691
1716
1720
1728
1764
1610
1612
1614
1619
1639
1662
1668
1689
1707
1712
1746
1750
1799
1800
1804
1805
1809
1826
1634
1686
1703
1709
1725
1748
1756
1815
1831
1603
1604
1605
1610
1612
1613
1619
1621
1623
1652
1662
1665
1668
1707
1712
1721
1730
1736
1737
1746
1750
1752
1757
1772
1789
1793
1799
1800
1804
1809
1810
1813
1816
1826
1827
1640
1703
1709
1725
1603
1604
1612
1613
1620
1621
1637
1646
1663
1675
1688
1714
1723
1730
1746
1761
1768
1800
1813
1615
1676
1687
1698
1705
1719
1803
1806
1825
1601
1629
1648
1733
1784
1798
1624
1672
1703
1709
1815
1656
1666
1634
1667
1703
1709
1725
1785
1602
1616
1625
1645
1695
1766
1773
1790
1650
1661
1706
1783
1676
1687
1705
1825
1603
1608
1610
1612
1613
1614
1619
1620
1621
1622
1637
1643
1644
1653
1659
1662
1663
1669
1675
1683
1685
1689
1714
1717
1721
1723
1726
1730
1734
1741
1746
1753
1757
1761
1768
1791
1793
1795
1796
1799
1800
1813
1823
1827
1611
1628
1636
1647
1655
1682
1691
1715
1716
1720
1820
1603
1612
1613
1617
1618
1621
1622
1632
1643
1644
1653
1659
1663
1665
1669
1675
1683
1689
1707
1714
1724
1730
1735
1746
1750
1752
1761
1768
1769
1774
1791
1796
1799
1800
1804
1810
1816
1819
1827
1626
1656
1702
1630
1703
1783
1807
1604
1605
1610
1617
1619
1620
1621
1622
1652
1662
1663
1665
1668
1669
1707
1712
1714
1717
1723
1730
1736
1741
1746
1757
1761
1768
1772
1789
1793
1796
1800
1804
1809
1810
1811
1816
1823
1826
1785
1616
1621
1631
1637
1645
1673
1677
1679
1767
1603
1604
1605
1609
1610
1612
1619
1622
1632
1652
1653
1665
1668
1669
1685
1707
1722
1730
1736
1746
1789
1799
1800
1804
1809
1810
1816
1823
1826
1611
1628
1636
1649
1691
1715
1716
1729
1732
1783
1630
1634
1686
1699
1703
1738
1781
1783
1785
1807
1828
1604
1605
1608
1609
1610
1620
1637
1662
1663
1665
1669
1675
1688
1707
1722
1723
1736
1741
1768
1793
1800
1804
1809
1813
1826
1618
1626
1656
1702
1779
1696
1731
1761
1814
1831
1604
1605
1610
1613
1617
1619
1621
1622
1652
1663
1665
1668
1707
1712
1714
1736
1746
1757
1789
1791
1800
1804
1809
1816
1826
1603
1644
1663
1675
1685
1730
1734
1761
1765
1641
1718
1719
1758
1638
1661
1703
1725
1729
1742
1751
1783
1786
1812
1820
1824
1828
1630
1633
1686
1703
1709
1783
1667
1624
1703
1709
1748
1831
1691
1742
1745
1781
1783
1786
1820
1642
1684
1604
1605
1609
1610
1613
1619
1621
1637
1662
1663
1665
1668
1689
1707
1714
1721
1730
1736
1746
1750
1757
1768
1791
1793
1800
1804
1809
1813
1816
1821
1823
1604
1605
1608
1609
1610
1613
1620
1637
1639
1663
1665
1669
1674
1675
1688
1698
1707
1717
1722
1730
1741
1768
1772
1791
1793
1800
1804
1811
1813
1826
1676
1687
1705
1719
1803
1825
1608
1610
1612
1614
1617
1620
1621
1622
1637
1639
1644
1652
1662
1663
1668
1675
1707
1717
1724
1730
1736
1741
1765
1768
1774
1782
1789
1800
1804
1809
1811
1819
1823
1827
1641
1641
1758
1803
1606
1616
1631
1645
1673
1692
1740
1744
1767
1778
1663
1665
1685
1730
1741
1789
1793
1804
1813
1826
1603
1610
1612
1613
1621
1623
1632
1643
1644
1653
1662
1663
1683
1689
1700
1707
1714
1717
1721
1736
1737
1746
1750
1752
1793
1795
1799
1800
1804
1810
1813
1816
1826
1827
1603
1608
1609
1612
1613
1617
1637
1639
1643
1663
1669
1675
1714
1718
1730
1753
1757
1761
1768
1782
1804
1630
1667
1686
1699
1703
1783
1794
1807
1603
1605
1610
1612
1613
1617
1619
1620
1621
1622
1623
1632
1643
1644
1652
1653
1659
1662
1663
1665
1668
1669
1683
1685
1688
1689
1700
1707
1714
1717
1721
1724
1730
1735
1736
1737
1746
1750
1752
1754
1757
1769
1789
1793
1795
1799
1800
1810
1813
1816
1819
1823
1826
1827
1603
1608
1610
1612
1613
1617
1619
1621
1622
1623
1639
1643
1652
1653
1659
1662
1663
1668
1669
1675
1685
1707
1714
1721
1730
1734
1735
1736
1737
1746
1750
1752
1753
1757
1761
1768
1782
1789
1791
1799
1800
1804
1809
1810
1816
1819
1823
1826
1827
1733
1798
1615
1698
1705
1719
1803
1806
1630
1634
1703
1630
1667
1681
1709
1727
1783
1831
1628
1636
1647
1655
1715
1786
1604
1608
1609
1610
1613
1620
1621
1639
1643
1663
1669
1675
1707
1730
1736
1768
1791
1800
1804
1811
1823
1827
1611
1628
1636
1638
1647
1649
1655
1661
1680
1682
1691
1706
1715
1716
1720
1742
1764
1786
1790
1603
1608
1612
1614
1621
1637
1639
1663
1669
1730
1741
1765
1768
1782
1800
1612
1618
1663
1718
1735
1753
1769
1774
1799
1718
1788
1610
1612
1613
1623
1632
1643
1644
1652
1653
1663
1683
1689
1707
1714
1721
1736
1737
1746
1750
1752
1757
1768
1789
1795
1799
1800
1804
1810
1816
1819
1827
1603
1604
1605
1608
1609
1610
1612
1613
1614
1617
1619
1620
1621
1622
1623
1632
1653
1658
1659
1662
1663
1665
1668
1669
1675
1685
1702
1707
1712
1714
1717
1721
1722
1723
1730
1735
1736
1737
1741
1746
1750
1754
1757
1761
1768
1772
1782
1789
1791
1793
1795
1796
1799
1800
1804
1809
1810
1813
1816
1821
1823
1826
1827
1608
1609
1610
1621
1689
1768
1772
1804
1811
1611
1628
1635
1636
1647
1649
1655
1661
1680
1682
1691
1706
1715
1716
1727
1728
1729
1742
1764
1783
1786
1820
1824
1828
1604
1605
1608
1609
1610
1619
1637
1663
1669
1675
1685
1707
1714
1717
1722
1730
1736
1741
1768
1772
1791
1793
1796
1804
1809
1811
1813
1826
1604
1605
1610
1619
1652
1665
1668
1712
1717
1746
1768
1789
1800
1804
1809
1816
1823
1826
1612
1620
1622
1644
1659
1663
1688
1710
1717
1721
1724
1730
1735
1737
1746
1750
1752
1754
1757
1789
1791
1796
1800
1804
1816
1819
1827
1606
1671
1692
1740
1743
1744
1766
1767
1778
1831
1603
1604
1608
1609
1610
1612
1613
1617
1620
1621
1623
1632
1643
1652
1653
1662
1663
1665
1668
1669
1683
1689
1702
1707
1712
1714
1721
1730
1735
1736
1737
1741
1746
1750
1752
1757
1761
1768
1793
1799
1800
1804
1810
1813
1816
1821
1823
1826
1827
1671
1694
1743
1829
1831
1624
1667
1672
1725
1739
1783
1605
1609
1613
1620
1622
1626
1637
1643
1652
1662
1663
1668
1669
1702
1707
1712
1722
1723
1730
1736
1757
1768
1772
1789
1791
1793
1797
1804
1813
1823
1649
1661
1706
1729
1732
1742
1783
1786
1790
1794
1828
1601
1629
1733
1747
1784
1787
1798
1620
1630
1658
1699
1738
1794
1807
1818
1610
1662
1665
1707
1730
1736
1768
1793
1813
1827
1827
1611
1628
1635
1647
1650
1655
1680
1691
1703
1709
1715
1727
1745
1783
1785
1807
1830
1603
1604
1608
1609
1610
1613
1620
1621
1622
1659
1662
1663
1669
1675
1678
1683
1688
1702
1707
1717
1730
1734
1736
1753
1768
1772
1793
1800
1804
1811
1813
1816
1819
1827
1692
1699
1724
1778
1794
1630
1633
1634
1686
1703
1748
1630
1679
1681
1709
1770
1778
1611
1628
1636
1647
1649
1680
1682
1706
1715
1728
1742
1786
1812
1703
1725
1611
1635
1655
1691
1728
1729
1764
1812
1603
1608
1609
1612
1617
1620
1621
1622
1662
1669
1685
1688
1689
1707
1714
1721
1723
1730
1736
1741
1746
1750
1752
1753
1754
1768
1793
1800
1813
1826
1827
1611
1628
1635
1636
1638
1647
1655
1680
1715
1720
1728
1764
1783
1786
1812
1601
1629
1648
1733
1787
1798
1671
1694
1829
1831
1611
1628
1635
1636
1647
1655
1661
1680
1682
1691
1715
1716
1742
1764
1783
1786
1824
1830
1633
1634
1650
1703
1709
1725
1749
1770
1785
1815
1616
1673
1677
1692
1744
1746
1763
1766
1778
1800
1604
1605
1608
1609
1610
1612
1613
1614
1619
1620
1637
1662
1663
1665
1668
1675
1688
1689
1707
1712
1714
1717
1722
1723
1730
1741
1746
1757
1768
1772
1791
1793
1800
1804
1809
1813
1816
1826
1644
1721
1730
1642
1693
1649
1686
1783
1603
1612
1613
1620
1622
1623
1644
1652
1653
1659
1683
1688
1689
1714
1717
1724
1730
1746
1750
1752
1789
1795
1796
1800
1804
1810
1816
1819
1823
1827
1604
1608
1609
1610
1612
1613
1620
1621
1623
1637
1639
1643
1659
1662
1663
1669
1675
1688
1714
1721
1723
1730
1735
1746
1753
1754
1761
1765
1768
1791
1799
1800
1804
1811
1813
1827
1630
1703
1770
1781
1661
1683
1742
1751
1783
1786
1820
1824
1828
1611
1630
1635
1646
1699
1738
1749
1781
1783
1785
1807
1604
1649
1725
1729
1794
1807
1818
1725
1749
1785
1703
1748
1756
1831
1603
1608
1610
1612
1613
1617
1619
1620
1622
1623
1632
1644
1652
1653
1659
1662
1663
1683
1685
1688
1689
1707
1712
1714
1717
1721
1724
1730
1736
1737
1741
1746
1750
1752
1754
1757
1765
1768
1771
1789
1793
1795
1796
1799
1800
1804
1810
1816
1819
1827
1687
1705
1825
1603
1604
1608
1609
1610
1612
1613
1614
1617
1621
1622
1626
1637
1639
1643
1659
1662
1663
1669
1675
1683
1714
1717
1721
1730
1735
1737
1746
1750
1752
1753
1757
1765
1768
1791
1799
1800
1805
1813
1819
1827
1604
1605
1610
1613
1619
1620
1621
1637
1639
1652
1662
1663
1665
1668
1707
1712
1714
1717
1722
1736
1741
1746
1757
1768
1789
1791
1796
1800
1804
1809
1813
1816
1826
1635
1636
1647
1655
1680
1691
1790
1630
1634
1658
1703
1709
1738
1781
1807
1815
1818
1624
1630
1667
1672
1709
1725
1745
1770
1783
1815
1630
1633
1634
1686
1703
1709
1725
1815
1638
1661
1729
1732
1742
1751
1783
1786
1812
1820
1824
1828
1783
1725
1749
1608
1609
1768
1782
1811
1666
1779
1822
1603
1608
1612
1613
1617
1621
1622
1623
1643
1644
1662
1663
1668
1689
1707
1712
1714
1717
1723
1730
1735
1736
1746
1750
1752
1753
1761
1768
1791
1793
1795
1796
1799
1800
1804
1823
1827
1814
1603
1608
1609
1610
1612
1613
1617
1621
1622
1623
1637
1643
1663
1668
1669
1675
1685
1688
1714
1721
1730
1735
1736
1746
1750
1753
1754
1757
1761
1768
1782
1799
1800
1804
1810
1816
1819
1823
1827
1711
1604
1605
1610
1612
1613
1619
1663
1665
1668
1707
1712
1714
1717
1722
1741
1746
1757
1768
1793
1800
1804
1809
1816
1826
1603
1610
1612
1613
1622
1639
1644
1662
1669
1685
1714
1723
1730
1735
1753
1761
1765
1793
1799
1800
1804
1813
1823
1649
1704
1725
1729
1742
1751
1783
1786
1794
1820
1824
1830
1615
1656
1687
1698
1708
1806
1825
1624
1630
1633
1672
1703
1709
1770
1781
1783
1785
1815
1828
1791
1611
1628
1635
1636
1647
1655
1661
1680
1691
1715
1716
1720
1728
1729
1742
1751
1764
1783
1786
1790
1812
1820
1824
1688
1724
1730
1746
1750
1757
1771
1800
1810
1827
1611
1628
1636
1691
1715
1716
1728
1786
1604
1605
1608
1609
1637
1662
1663
1670
1674
1707
1722
1723
1736
1741
1768
1791
1793
1804
1809
1813
1638
1661
1715
1720
1729
1742
1751
1783
1786
1820
1824
1828
1630
1638
1649
1661
1729
1732
1742
1751
1783
1786
1812
1820
1824
1828
1626
1641
1683
1803
1817
1827
1628
1636
1647
1655
1680
1691
1715
1720
1728
1742
1764
1790
1820
1610
1619
1662
1665
1668
1707
1712
1736
1793
1809
1611
1628
1820
1610
1612
1617
1621
1623
1663
1712
1714
1730
1735
1746
1757
1795
1799
1800
1804
1816
1823
1826
1827
1605
1610
1619
1621
1622
1663
1665
1668
1707
1712
1714
1717
1736
1741
1746
1757
1800
1804
1809
1810
1816
1826
1603
1604
1612
1613
1617
1619
1622
1632
1643
1663
1665
1668
1707
1714
1730
1736
1750
1768
1791
1795
1804
1809
1823
1827
1609
1612
1613
1614
1619
1620
1622
1632
1659
1663
1669
1683
1688
1689
1700
1721
1730
1746
1750
1752
1753
1754
1768
1791
1793
1796
1800
1827
1603
1608
1613
1619
1621
1622
1637
1643
1663
1668
1675
1707
1712
1714
1730
1736
1741
1746
1750
1752
1754
1761
1768
1789
1791
1793
1795
1800
1804
1810
1813
1823
1827
1611
1628
1636
1647
1682
1691
1716
1720
1783
1605
1608
1613
1617
1621
1632
1653
1662
1689
1707
1714
1730
1746
1768
1796
1800
1826
1602
1625
1671
1766
1801
1785
1630
1694
1745
1770
1785
1831
1611
1628
1635
1636
1680
1691
1715
1716
1720
1728
1786
1634
1681
1686
1703
1727
1606
1645
1673
1694
1740
1744
1603
1604
1610
1612
1613
1617
1619
1621
1622
1659
1663
1665
1668
1669
1707
1712
1714
1735
1736
1746
1750
1752
1757
1761
1768
1791
1799
1800
1804
1810
1816
1823
1826
1827
1661
1729
1732
1742
1751
1764
1783
1786
1812
1820
1824
1828
1634
1703
1709
1725
1759
1785
1815
1603
1610
1612
1613
1614
1617
1621
1622
1637
1656
1663
1668
1683
1714
1730
1735
1746
1757
1761
1768
1769
1774
1782
1799
1800
1804
1805
1813
1823
1624
1703
1738
1748
1756
1615
1687
1698
1705
1708
1806
1825
1634
1703
1759
1785
1661
1720
1732
1742
1751
1783
1786
1812
1820
1630
1633
1634
1686
1703
1630
1667
1681
1770
1783
1603
1612
1613
1614
1617
1621
1622
1637
1663
1675
1685
1714
1717
1718
1730
1734
1736
1750
1765
1768
1793
1795
1819
1827
1660
1671
1673
1692
1694
1601
1733
1747
1784
1787
1798
1802
1611
1636
1647
1655
1680
1682
1715
1661
1729
1732
1742
1783
1786
1820
1824
1828
1641
1656
1701
1803
1602
1606
1625
1645
1695
1740
1744
1763
1766
1773
1601
1648
1733
1747
1798
1606
1616
1625
1645
1673
1677
1679
1692
1694
1695
1740
1744
1766
1767
1778
1626
1702
1774
1780
1813
1611
1628
1635
1636
1680
1682
1691
1715
1716
1720
1742
1604
1609
1610
1617
1621
1637
1643
1662
1663
1669
1675
1730
1753
1768
1791
1799
1811
1813
1628
1661
1729
1742
1751
1783
1786
1820
1824
1615
1687
1708
1618
1626
1656
1663
1683
1689
1702
1718
1769
1774
1800
1813
1819
1676
1687
1705
1803
1825
1603
1608
1609
1612
1613
1617
1620
1621
1637
1639
1643
1662
1663
1669
1675
1683
1685
1688
1714
1723
1730
1734
1735
1746
1750
1753
1754
1757
1761
1765
1768
1774
1791
1799
1800
1804
1813
1819
1823
1827
1603
1604
1605
1608
1609
1610
1613
1619
1621
1622
1623
1663
1665
1669
1675
1685
1707
1714
1722
1730
1736
1746
1768
1772
1791
1795
1800
1804
1809
1811
1816
1821
1823
1826
1603
1605
1608
1610
1612
1613
1617
1619
1620
1622
1623
1632
1652
1662
1663
1665
1685
1707
1714
1721
1722
1730
1736
1741
1746
1754
1768
1789
1793
1800
1804
1809
1816
1823
1826
1827
1606
1625
1628
1645
1660
1695
1763
1766
1773
1801
1601
1629
1648
1733
1784
1787
1798
1603
1608
1612
1613
1620
1621
1630
1637
1658
1663
1669
1675
1685
1718
1730
1734
1735
1753
1761
1765
1768
1782
1793
1794
1807
1813
1818
1823
1827
1603
1604
1608
1610
1612
1613
1619
1621
1622
1623
1632
1662
1663
1665
1668
1707
1712
1714
1721
1730
1736
1737
1746
1754
1757
1772
1789
1793
1796
1799
1800
1804
1810
1811
1813
1816
1823
1827
1604
1610
1619
1622
1632
1663
1668
1712
1714
1809
1618
1626
1697
1702
1805
1813
1624
1630
1686
1699
1703
1709
1725
1745
1756
1783
1785
1807
1815
1828
1608
1610
1612
1613
1621
1622
1623
1632
1643
1644
1652
1653
1659
1663
1683
1688
1689
1707
1712
1714
1724
1735
1736
1737
1746
1750
1752
1757
1768
1771
1789
1795
1796
1799
1800
1804
1810
1816
1819
1826
1827
1610
1612
1613
1620
1622
1623
1632
1644
1652
1653
1683
1688
1714
1717
1721
1746
1750
1789
1799
1800
1810
1819
1826
1827
1603
1605
1608
1610
1612
1619
1621
1632
1663
1665
1668
1683
1685
1702
1707
1712
1714
1721
1730
1734
1735
1736
1746
1750
1761
1789
1799
1800
1804
1810
1816
1821
1823
1826
1827
1637
1700
1831
1630
1694
1699
1738
1807
1818
1831
1610
1612
1620
1622
1623
1644
1652
1653
1659
1663
1669
1683
1685
1688
1689
1710
1714
1717
1721
1724
1730
1735
1737
1746
1750
1752
1757
1771
1789
1795
1796
1799
1800
1804
1810
1816
1827
1611
1628
1635
1636
1638
1647
1655
1661
1680
1691
1715
1716
1720
1728
1742
1764
1783
1812
1611
1628
1636
1649
1661
1680
1682
1691
1715
1727
1732
1742
1755
1783
1786
1828
1624
1630
1681
1709
1756
1770
1815
1606
1645
1673
1677
1740
1743
1744
1763
1790
1611
1628
1635
1764
1794
1610
1612
1617
1619
1621
1662
1668
1702
1707
1712
1730
1736
1757
1793
1799
1800
1804
1809
1821
1827
1603
1604
1605
1608
1609
1610
1612
1613
1614
1617
1619
1620
1621
1622
1623
1637
1639
1643
1644
1659
1662
1663
1665
1668
1669
1675
1683
1685
1688
1689
1707
1712
1714
1717
1718
1721
1724
1730
1734
1735
1736
1737
1741
1746
1750
1752
1753
1757
1761
1765
1768
1772
1780
1782
1791
1793
1795
1799
1800
1804
1809
1810
1811
1813
1816
1819
1823
1826
1827
1660
1672
1633
1634
1686
1699
1703
1709
1694
1743
1829
1831
1688
1692
1767
1778
1794
1606
1616
1631
1645
1660
1671
1673
1677
1679
1692
1694
1695
1740
1744
1763
1766
1767
1790
1604
1605
1608
1609
1619
1620
1637
1663
1669
1675
1714
1717
1722
1730
1741
1754
1768
1772
1791
1793
1796
1804
1811
1813
1826
1615
1678
1687
1698
1705
1708
1719
1726
1803
1806
1603
1604
1605
1610
1612
1614
1619
1621
1626
1637
1644
1662
1663
1668
1669
1674
1702
1707
1714
1717
1718
1722
1723
1730
1736
1741
1753
1768
1791
1793
1796
1800
1805
1811
1813
1629
1648
1733
1787
1747
1794
1807
1818
1612
1617
1623
1643
1663
1669
1689
1714
1737
1752
1799
1810
1823
1630
1633
1634
1667
1699
1703
1709
1725
1738
1767
1783
1807
1603
1605
1610
1612
1613
1617
1618
1620
1621
1622
1623
1632
1644
1652
1653
1659
1663
1665
1668
1669
1683
1685
1688
1689
1707
1714
1717
1721
1724
1730
1735
1737
1741
1746
1750
1752
1757
1782
1789
1791
1793
1796
1799
1800
1804
1809
1810
1813
1816
1819
1823
1826
1827
1788
1608
1617
1644
1656
1663
1718
1726
1757
1769
1779
1780
1604
1605
1610
1612
1617
1619
1622
1662
1663
1665
1668
1707
1712
1714
1723
1736
1741
1746
1757
1793
1800
1804
1809
1816
1821
1823
1826
1827
1601
1629
1692
1733
1758
1784
1787
1798
1831
1638
1661
1686
1703
1706
1727
1729
1742
1749
1783
1786
1794
1812
1820
1824
1828
1616
1645
1673
1692
1694
1767
1790
1612
1613
1617
1620
1621
1623
1644
1659
1669
1688
1714
1717
1721
1724
1730
1735
1737
1746
1750
1752
1771
1789
1795
1796
1799
1800
1810
1827
1603
1608
1609
1610
1612
1613
1617
1621
1622
1623
1632
1637
1639
1643
1653
1659
1662
1663
1669
1675
1683
1685
1689
1707
1714
1717
1718
1721
1724
1730
1735
1736
1737
1741
1746
1750
1752
1753
1757
1761
1765
1768
1774
1782
1789
1791
1793
1795
1799
1800
1804
1810
1811
1813
1816
1819
1823
1826
1827
1603
1604
1608
1609
1610
1612
1613
1614
1617
1620
1621
1622
1623
1637
1639
1643
1646
1659
1662
1663
1669
1675
1683
1685
1688
1689
1707
1714
1717
1721
1723
1730
1741
1746
1750
1753
1757
1761
1765
1768
1782
1791
1793
1799
1800
1804
1811
1813
1816
1823
1827
1601
1629
1648
1733
1787
1798
1611
1628
1636
1655
1682
1691
1716
1786
1604
1605
1610
1619
1621
1622
1623
1662
1665
1685
1689
1707
1712
1714
1730
1741
1746
1789
1800
1809
1816
1826
1628
1635
1636
1720
1661
1729
1742
1751
1783
1786
1812
1820
1758
1774
1788
1688
1770
1778
1831
1678
1726
1604
1605
1609
1612
1613
1620
1622
1637
1662
1663
1665
1707
1714
1722
1730
1736
1741
1754
1768
1772
1793
1809
1813
1604
1609
1610
1621
1637
1663
1669
1675
1730
1761
1768
1804
1811
1813
1603
1604
1608
1610
1612
1613
1617
1618
1619
1620
1621
1622
1623
1632
1643
1644
1652
1653
1659
1662
1663
1665
1668
1683
1689
1707
1712
1714
1717
1721
1724
1730
1735
1736
1737
1741
1746
1750
1752
1757
1768
1771
1789
1791
1793
1795
1796
1799
1800
1804
1809
1811
1816
1819
1823
1827
1603
1604
1608
1612
1613
1614
1621
1622
1632
1639
1662
1663
1665
1668
1669
1675
1683
1685
1689
1707
1712
1714
1717
1730
1735
1736
1746
1750
1754
1761
1768
1782
1789
1791
1793
1795
1799
1800
1809
1810
1813
1816
1823
1826
1827
1611
1628
1636
1655
1716
1720
1609
1620
1688
1702
1707
1730
1753
1754
1768
1793
1813
1638
1661
1729
1732
1742
1751
1783
1786
1812
1820
1824
1828
1673
1612
1668
1712
1799
1804
1827
1603
1604
1605
1610
1612
1617
1619
1621
1622
1623
1659
1662
1663
1665
1668
1669
1683
1689
1702
1707
1712
1714
1721
1730
1736
1737
1741
1746
1750
1752
1757
1761
1768
1791
1793
1799
1800
1804
1809
1810
1813
1816
1821
1823
1826
1827
1616
1645
1692
1767
1603
1823
1604
1605
1609
1610
1613
1617
1619
1622
1663
1665
1707
1714
1722
1746
1757
1768
1772
1791
1800
1809
1816
1823
1826
1827
1611
1628
1636
1661
1691
1716
1720
1612
1614
1622
1637
1639
1684
1765
1779
1638
1704
1729
1732
1742
1751
1786
1820
1824
1614
1620
1663
1685
1688
1730
1753
1754
1768
1602
1673
1740
1807
1818
1604
1605
1608
1613
1620
1621
1622
1632
1663
1665
1669
1685
1707
1712
1714
1722
1730
1734
1736
1746
1768
1782
1791
1800
1816
1827
1676
1687
1705
1803
1825
1618
1633
1686
1745
1781
1830
1611
1628
1636
1647
1655
1680
1682
1691
1715
1716
1728
1732
1783
1790
1716
1624
1630
1667
1672
1709
1725
1739
1770
1783
1610
1612
1613
1620
1622
1623
1644
1652
1653
1659
1663
1683
1688
1707
1714
1717
1721
1724
1730
1735
1736
1746
1750
1752
1768
1771
1789
1791
1795
1796
1799
1800
1804
1810
1827
1621
1650
1709
1727
1830
1674
1684
1702
1758
1780
1603
1612
1613
1614
1619
1621
1622
1632
1637
1659
1663
1665
1669
1675
1683
1689
1707
1714
1717
1721
1730
1735
1736
1746
1750
1752
1753
1761
1765
1768
1772
1782
1795
1796
1799
1800
1813
1819
1823
1827
1615
1687
1705
1719
1803
1825
1692
1730
1808
1628
1636
1647
1655
1691
1715
1720
1728
1824
1601
1733
1747
1787
1798
1625
1633
1671
1743
1773
1778
1801
1831
1628
1636
1647
1655
1661
1680
1682
1691
1715
1720
1786
1790
1625
1645
1660
1661
1673
1695
1763
1766
1767
1773
1790
1794
1801
1807
1624
1703
1709
1756
1815
1831
1649
1661
1704
1706
1729
1786
1794
1828
1660
1603
1604
1605
1608
1610
1612
1613
1614
1619
1620
1621
1622
1623
1643
1662
1663
1665
1668
1669
1675
1683
1685
1689
1712
1714
1717
1721
1730
1734
1735
1736
1737
1741
1746
1750
1752
1757
1761
1768
1779
1782
1789
1791
1793
1796
1799
1800
1804
1809
1810
1813
1816
1819
1823
1826
1827
1611
1628
1635
1647
1661
1680
1715
1716
1824
1615
1687
1698
1705
1708
1806
1825
1666
1779
1822
1622
1630
1652
1683
1699
1717
1729
1746
1800
1807
1818
1819
1827
1620
1686
1699
1727
1794
1605
1626
1662
1663
1702
1707
1721
1730
1736
1741
1780
1793
1813
1816
1827
1611
1628
1636
1610
1613
1621
1623
1757
1804
1626
1639
1702
1718
1780
1805
1817
1666
1779
1822
1831
1620
1630
1699
1703
1713
1738
1783
1807
1687
1702
1806
1616
1645
1692
1694
1695
1744
1763
1766
1773
1778
1790
1604
1605
1608
1609
1610
1612
1613
1619
1622
1632
1637
1662
1663
1665
1669
1675
1685
1702
1707
1712
1714
1717
1721
1722
1723
1730
1741
1746
1761
1768
1772
1793
1800
1804
1809
1811
1813
1816
1826
1827
1611
1628
1636
1655
1691
1786
1790
1603
1604
1610
1612
1614
1619
1663
1668
1707
1712
1714
1735
1736
1746
1757
1769
1782
1799
1800
1804
1809
1823
1826
1656
1666
1678
1684
1726
1792
1729
1732
1742
1783
1786
1794
1820
1824
1601
1629
1648
1733
1747
1784
1787
1798
1802
1621
1671
1694
1743
1807
1818
1829
1831
1636
1661
1704
1706
1729
1732
1742
1751
1783
1786
1812
1820
1824
1828
1654
1603
1604
1605
1608
1610
1613
1614
1619
1621
1622
1652
1662
1663
1665
1668
1707
1712
1714
1717
1736
1741
1746
1752
1757
1761
1768
1772
1789
1793
1796
1800
1804
1809
1810
1816
1826
1605
1610
1612
1619
1621
1622
1663
1665
1707
1712
1714
1746
1757
1800
1809
1816
1826
1665
1718
1768
1769
1774
1782
1805
1817
1611
1628
1636
1647
1649
1655
1661
1680
1682
1691
1706
1715
1716
1720
1742
1783
1786
1622
1637
1639
1662
1730
1765
1768
1782
1758
1611
1628
1635
1636
1647
1655
1680
1691
1715
1716
1720
1728
1764
1790
1675
1741
1789
1804
1660
1677
1695
1766
1794
1702
1718
1603
1612
1613
1614
1617
1621
1623
1637
1639
1643
1662
1663
1669
1685
1707
1714
1730
1734
1735
1746
1750
1757
1761
1765
1768
1769
1782
1791
1799
1800
1804
1805
1823
1827
1601
1648
1733
1787
1798
1802
1624
1633
1634
1664
1667
1672
1703
1709
1725
1739
1770
1783
1815
1604
1605
1609
1620
1637
1663
1669
1675
1717
1730
1741
1768
1791
1811
1813
1826
1603
1604
1605
1610
1612
1613
1614
1619
1621
1623
1637
1643
1652
1659
1662
1663
1668
1675
1683
1707
1712
1714
1717
1730
1735
1736
1741
1746
1752
1753
1757
1761
1768
1772
1789
1793
1799
1800
1804
1809
1816
1821
1823
1826
1827
1624
1630
1633
1634
1650
1667
1672
1681
1686
1699
1703
1709
1725
1727
1738
1770
1781
1783
1807
1815
1630
1654
1673
1699
1703
1709
1738
1762
1767
1786
1807
1818
1611
1628
1636
1649
1661
1682
1691
1706
1715
1716
1742
1786
1790
1818
1642
1670
1641
1666
1792
1671
1694
1743
1829
1831
1611
1628
1636
1655
1661
1680
1682
1691
1715
1716
1720
1786
1790
1830
1610
1612
1614
1619
1620
1621
1639
1652
1653
1662
1666
1668
1712
1721
1752
1757
1758
1765
1768
1774
1782
1789
1800
1804
1805
1809
1816
1821
1633
1749
1783
1828
1624
1630
1634
1650
1681
1703
1709
1770
1604
1605
1609
1613
1619
1621
1632
1637
1663
1665
1669
1685
1707
1714
1722
1723
1730
1736
1741
1746
1768
1772
1793
1800
1809
1813
1816
1826
1610
1754
1800
1612
1618
1637
1644
1659
1718
1730
1735
1753
1769
1774
1782
1799
1813
1827
1604
1620
1646
1660
1675
1677
1692
1744
1794
1813
1604
1605
1610
1619
1621
1662
1663
1665
1668
1689
1707
1712
1714
1717
1722
1737
1741
1746
1752
1768
1782
1789
1793
1800
1804
1809
1810
1813
1816
1823
1826
1827
1649
1661
1704
1706
1729
1783
1794
1616
1631
1673
1603
1608
1612
1613
1617
1621
1622
1623
1644
1653
1662
1663
1668
1669
1678
1689
1707
1712
1714
1721
1730
1735
1736
1737
1746
1750
1752
1761
1789
1791
1793
1795
1799
1800
1804
1810
1813
1823
1826
1827
1601
1648
1733
1787
1798
1615
1676
1687
1705
1803
1825
1649
1661
1706
1715
1729
1732
1751
1783
1786
1812
1820
1824
1624
1630
1681
1703
1709
1727
1745
1770
1604
1620
1646
1671
1675
1683
1731
1743
1761
1813
1814
1831
1827
1630
1633
1634
1686
1785
1639
1765
1636
1649
1704
1706
1725
1729
1732
1742
1783
1786
1794
1812
1828
1649
1706
1729
1783
1794
1828
1624
1630
1633
1634
1672
1699
1703
1709
1725
1770
1783
1785
1815
1656
1666
1674
1684
1701
1758
1616
1624
1630
1667
1672
1681
1770
1783
1638
1729
1742
1751
1783
1786
1820
1824
1603
1604
1608
1609
1610
1612
1613
1617
1621
1622
1639
1643
1659
1663
1669
1675
1683
1689
1718
1730
1735
1746
1752
1761
1765
1768
1774
1791
1795
1799
1800
1804
1823
1827
1650
1770
1778
1615
1656
1676
1687
1698
1705
1806
1825
1616
1660
1673
1694
1740
1767
1790
1621
1622
1637
1639
1718
1730
1765
1779
1782
1791
1602
1616
1645
1677
1679
1694
1740
1744
1801
1636
1638
1649
1661
1704
1706
1729
1732
1742
1783
1786
1794
1820
1824
1828
1603
1604
1608
1610
1612
1613
1614
1617
1619
1621
1622
1623
1643
1653
1662
1663
1665
1668
1669
1675
1689
1707
1712
1714
1717
1721
1730
1735
1736
1737
1741
1746
1750
1752
1757
1761
1768
1782
1789
1791
1793
1799
1800
1804
1810
1813
1816
1819
1823
1826
1827
1604
1610
1613
1622
1663
1665
1685
1722
1730
1741
1813
1827
1620
1683
1774
1620
1642
1674
1688
1768
1603
1610
1612
1613
1621
1622
1639
1643
1659
1662
1663
1669
1675
1683
1685
1689
1700
1707
1714
1717
1730
1746
1750
1752
1761
1765
1768
1791
1793
1795
1799
1800
1804
1813
1816
1819
1827
1626
1702
1603
1604
1608
1609
1612
1613
1617
1620
1621
1622
1632
1639
1643
1659
1663
1668
1669
1683
1685
1688
1689
1707
1712
1714
1718
1730
1735
1746
1750
1752
1761
1765
1768
1791
1795
1799
1800
1804
1816
1821
1823
1826
1827
1609
1617
1618
1621
1622
1632
1659
1663
1674
1683
1689
1718
1723
1724
1746
1750
1768
1780
1795
1800
1811
1819
1827
1608
1613
1623
1688
1689
1730
1746
1752
1757
1772
1796
1800
1804
1827
1630
1634
1681
1686
1699
1703
1709
1745
1770
1781
1783
1785
1807
1645
1692
1696
1766
1794
1642
1670
1674
1603
1608
1609
1612
1613
1620
1637
1663
1669
1675
1685
1688
1710
1722
1723
1724
1730
1746
1753
1754
1757
1765
1768
1782
1791
1811
1813
1827
1630
1650
1667
1699
1709
1727
1745
1761
1770
1778
1781
1783
1785
1807
1828
1603
1608
1610
1612
1613
1617
1643
1662
1663
1668
1669
1689
1707
1714
1721
1730
1735
1736
1737
1746
1750
1752
1754
1768
1793
1795
1800
1804
1809
1810
1813
1823
1826
1827
1620
1646
1738
1743
1781
1831
1604
1617
1623
1632
1653
1700
1707
1746
1757
1789
1800
1810
1827
1601
1629
1733
1747
1758
1787
1798
1802
1642
1666
1674
1684
1687
1701
1758
1825
1604
1608
1609
1639
1663
1669
1675
1685
1717
1730
1768
1793
1804
1811
1813
1629
1630
1633
1634
1686
1690
1692
1699
1703
1709
1725
1727
1738
1770
1787
1807
1613
1806
1603
1612
1621
1623
1643
1652
1653
1662
1665
1707
1714
1717
1730
1735
1750
1757
1769
1780
1789
1793
1799
1800
1810
1821
1603
1608
1612
1620
1621
1622
1623
1632
1639
1652
1653
1663
1669
1683
1689
1721
1724
1746
1750
1752
1768
1789
1791
1795
1816
1819
1827
1618
1622
1630
1652
1669
1683
1689
1699
1711
1717
1718
1730
1800
1807
1813
1818
1819
1827
1624
1672
1681
1699
1727
1770
1604
1605
1610
1619
1662
1665
1668
1707
1712
1717
1772
1793
1800
1809
1810
1816
1826
1660
1677
1679
1692
1779
1822
1654
1679
1696
1743
1762
1767
1778
1831
1603
1605
1610
1613
1619
1620
1621
1623
1652
1662
1665
1668
1707
1712
1714
1721
1730
1736
1737
1741
1746
1757
1789
1793
1800
1804
1809
1813
1816
1823
1826
1827
1601
1648
1733
1747
1787
1798
1802
1624
1625
1671
1695
1703
1740
1763
1766
1773
1778
1801
1611
1628
1647
1691
1728
1603
1604
1608
1609
1610
1612
1617
1621
1623
1637
1639
1643
1662
1663
1669
1675
1683
1685
1689
1700
1707
1712
1714
1717
1721
1723
1730
1734
1736
1746
1750
1753
1754
1757
1761
1768
1791
1793
1800
1804
1809
1811
1813
1819
1826
1827
1642
1674
1615
1620
1688
1698
1768
1791
1806
1825
1603
1605
1608
1609
1610
1612
1613
1617
1618
1621
1622
1623
1662
1663
1669
1675
1683
1689
1707
1714
1717
1721
1723
1730
1734
1736
1737
1741
1746
1750
1752
1753
1754
1757
1768
1791
1793
1795
1799
1800
1811
1813
1819
1826
1827
1615
1656
1676
1678
1687
1705
1719
1726
1803
1806
1825
1610
1668
1757
1789
1810
1603
1609
1612
1613
1614
1617
1620
1621
1622
1623
1632
1643
1644
1653
1659
1662
1663
1669
1683
1685
1688
1689
1707
1710
1717
1721
1724
1730
1734
1735
1736
1737
1746
1750
1752
1754
1757
1761
1768
1772
1789
1791
1793
1795
1796
1799
1800
1819
1823
1827
1603
1604
1608
1609
1610
1612
1613
1621
1622
1637
1639
1643
1662
1663
1665
1668
1669
1675
1683
1689
1712
1714
1717
1723
1730
1735
1736
1741
1746
1750
1752
1753
1757
1761
1768
1772
1782
1789
1791
1793
1799
1800
1804
1809
1810
1811
1813
1816
1823
1826
1827
1621
1626
1656
1678
1702
1603
1610
1612
1613
1621
1622
1637
1643
1662
1663
1665
1669
1675
1683
1689
1707
1717
1730
1735
1736
1752
1753
1768
1769
1774
1782
1793
1795
1799
1800
1804
1810
1813
1827
1666
1675
1779
1822
1602
1606
1625
1645
1660
1671
1679
1692
1695
1740
1744
1763
1766
1767
1773
1801
1671
1680
1731
1743
1761
1814
1831
1615
1687
1698
1705
1719
1803
1806
1825
1601
1648
1733
1747
1787
1798
1611
1630
1635
1646
1650
1658
1699
1703
1709
1738
1745
1781
1783
1807
1818
1603
1604
1608
1609
1612
1613
1620
1621
1623
1637
1639
1643
1652
1663
1669
1675
1685
1714
1717
1730
1734
1753
1761
1765
1768
1772
1795
1804
1811
1813
1823
1604
1619
1620
1622
1662
1663
1669
1674
1707
1722
1730
1741
1754
1768
1772
1793
1796
1823
1644
1653
1659
1688
1724
1730
1737
1746
1752
1757
1789
1799
1800
1810
1827
1611
1628
1636
1655
1661
1682
1691
1715
1716
1786
1616
1625
1645
1677
1679
1692
1695
1740
1744
1763
1766
1773
1778
1727
1761
1794
1807
1818
1829
1611
1628
1636
1647
1655
1680
1682
1691
1715
1716
1720
1728
1618
1666
1718
1628
1635
1638
1655
1691
1716
1604
1605
1608
1610
1613
1614
1621
1637
1662
1663
1665
1707
1736
1741
1746
1768
1772
1791
1793
1800
1804
1805
1816
1661
1728
1729
1732
1742
1751
1783
1786
1812
1820
1828
1611
1628
1635
1636
1638
1647
1655
1680
1682
1691
1715
1716
1720
1728
1764
1783
1786
1812
1603
1604
1608
1612
1613
1614
1617
1619
1621
1622
1639
1643
1653
1658
1662
1663
1665
1668
1669
1675
1683
1703
1707
1712
1714
1717
1721
1730
1735
1736
1741
1746
1750
1752
1753
1757
1761
1765
1768
1789
1791
1793
1799
1800
1804
1807
1809
1810
1813
1816
1818
1819
1823
1826
1827
1666
1779
1822
1611
1628
1636
1647
1655
1680
1720
1728
1742
1786
1820
1676
1678
1687
1705
1719
1803
1806
1603
1604
1605
1608
1609
1610
1612
1613
1614
1617
1621
1622
1623
1632
1637
1639
1643
1662
1663
1665
1668
1669
1675
1683
1685
1689
1707
1712
1714
1717
1721
1722
1730
1734
1735
1736
1737
1746
1750
1752
1753
1754
1757
1761
1765
1768
1772
1782
1793
1795
1796
1799
1800
1804
1810
1813
1816
1819
1823
1827
1608
1612
1613
1614
1617
1621
1637
1639
1643
1663
1714
1717
1718
1735
1736
1765
1768
1782
1793
1800
1804
1819
1611
1628
1636
1649
1655
1661
1680
1691
1706
1715
1716
1720
1727
1764
1781
1783
1786
1807
1828
1628
1647
1687
1705
1708
1758
1784
1787
1803
1806
1825
1741
1661
1729
1742
1783
1786
1820
1611
1628
1636
1680
1682
1691
1716
1783
1786
1603
1610
1612
1617
1621
1622
1623
1632
1643
1644
1652
1653
1659
1663
1665
1683
1688
1689
1707
1714
1721
1735
1736
1737
1746
1750
1752
1761
1791
1795
1799
1800
1804
1816
1819
1823
1827
1603
1604
1610
1613
1619
1622
1639
1652
1659
1662
1663
1665
1668
1707
1712
1714
1717
1736
1741
1746
1757
1772
1789
1793
1794
1795
1797
1800
1804
1809
1816
1823
1826
1696
1731
1744
1761
1814
1603
1609
1610
1612
1620
1621
1622
1623
1632
1652
1653
1659
1663
1669
1683
1685
1688
1689
1714
1717
1721
1724
1730
1736
1737
1746
1750
1752
1761
1768
1789
1791
1795
1800
1804
1811
1813
1816
1819
1827
1629
1733
1784
1787
1798
1695
1790
1608
1610
1612
1613
1619
1621
1622
1623
1643
1662
1663
1668
1669
1675
1685
1707
1712
1714
1717
1721
1730
1734
1735
1736
1741
1746
1750
1752
1753
1757
1761
1768
1791
1793
1795
1799
1800
1804
1810
1813
1823
1827
1605
1609
1610
1613
1614
1617
1619
1620
1622
1632
1637
1662
1663
1665
1668
1669
1675
1685
1688
1707
1714
1717
1722
1730
1734
1736
1741
1768
1772
1789
1791
1793
1800
1804
1809
1811
1813
1816
1818
1826
1610
1617
1619
1622
1663
1665
1675
1685
1707
1714
1722
1730
1741
1746
1757
1768
1800
1804
1809
1816
1826
1616
1645
1695
1740
1744
1766
1778
1664
1610
1612
1613
1617
1621
1622
1637
1643
1663
1669
1675
1689
1707
1714
1730
1735
1736
1746
1753
1761
1768
1772
1795
1800
1804
1823
1827
1610
1620
1621
1637
1643
1663
1665
1669
1675
1688
1717
1730
1768
1782
1791
1793
1800
1804
1811
1813
1612
1613
1619
1621
1622
1623
1639
1643
1652
1653
1662
1663
1665
1668
1669
1675
1685
1707
1712
1717
1721
1723
1730
1736
1746
1752
1753
1754
1757
1761
1768
1772
1782
1789
1793
1796
1799
1800
1804
1809
1811
1813
1816
1826
1827
1628
1636
1647
1655
1682
1691
1716
1720
1613
1614
1617
1619
1621
1622
1623
1632
1637
1639
1643
1652
1653
1662
1663
1668
1669
1675
1683
1685
1689
1707
1714
1717
1721
1730
1735
1736
1737
1741
1746
1750
1752
1753
1757
1761
1765
1768
1769
1774
1782
1789
1791
1795
1796
1799
1800
1804
1810
1816
1819
1823
1826
1827
1614
1617
1620
1621
1622
1623
1632
1637
1639
1643
1644
1652
1653
1662
1663
1665
1668
1669
1675
1683
1685
1689
1707
1712
1714
1717
1721
1730
1734
1735
1736
1737
1746
1752
1753
1757
1761
1765
1768
1772
1789
1791
1793
1795
1796
1799
1800
1804
1809
1811
1813
1816
1821
1823
1827
1621
1665
1669
1675
1689
1730
1735
1752
1761
1765
1768
1772
1782
1796
1799
1800
1819
1687
1698
1708
1806
1631
1645
1671
1673
1677
1692
1694
1740
1744
1767
1790
1621
1632
1637
1643
1662
1663
1668
1669
1689
1700
1707
1714
1717
1718
1730
1735
1741
1746
1750
1754
1789
1791
1793
1799
1800
1804
1813
1816
1826
1827
1622
1717
1718
1819
1827
1632
1662
1663
1665
1668
1683
1707
1712
1714
1722
1736
1741
1746
1757
1772
1793
1795
1796
1800
1804
1809
1816
1823
1826
1621
1622
1632
1643
1644
1646
1653
1659
1663
1665
1675
1683
1688
1689
1707
1724
1730
1746
1754
1768
1789
1791
1800
1804
1813
1816
1823
1827
1622
1623
1637
1643
1652
1659
1662
1663
1668
1669
1675
1683
1685
1689
1707
1714
1717
1718
1721
1730
1734
1735
1736
1741
1746
1750
1752
1753
1757
1761
1765
1768
1782
1789
1791
1793
1799
1800
1804
1809
1810
1813
1819
1823
1826
1827
1632
1639
1643
1644
1652
1653
1659
1662
1663
1669
1675
1683
1685
1688
1689
1707
1712
1714
1717
1722
1724
1730
1736
1741
1746
1750
1752
1753
1761
1765
1768
1789
1791
1793
1795
1796
1799
1800
1804
1813
1819
1823
1827
1632
1643
1644
1652
1659
1662
1683
1689
1707
1714
1717
1721
1736
1737
1746
1750
1752
1768
1795
1799
1800
1804
1810
1816
1819
1826
1827
1667
1672
1709
1756
1770
1783
1660
1695
1763
1766
1773
1801
1674
1683
1702
1718
1774
1780
1800
1805
1813
1817
1635
1636
1647
1661
1691
1715
1716
1720
1733
1784
1802
1658
1686
1703
1709
1727
1738
1770
1781
1807
1673
1644
1653
1663
1665
1683
1689
1700
1707
1717
1730
1736
1746
1752
1768
1789
1796
1799
1800
1818
1823
1827
1634
1686
1699
1686
1699
1703
1725
1807
1636
1691
1680
1706
1715
1716
1742
1786
1820
1639
1643
1663
1669
1675
1714
1730
1746
1761
1765
1768
1774
1779
1791
1795
1804
1811
1661
1716
1742
1783
1786
1820
1824
1643
1644
1662
1663
1670
1683
1714
1717
1723
1730
1746
1761
1765
1768
1774
1779
1782
1791
1813
1819
1703
1803
1817
1670
1674
1684
1652
1653
1663
1669
1675
1707
1714
1721
1723
1730
1735
1746
1753
1757
1761
1765
1768
1774
1789
1791
1796
1799
1804
1813
1823
1652
1659
1683
1689
1700
1717
1721
1724
1730
1746
1750
1752
1765
1793
1795
1800
1819
1823
1827
1677
1679
1692
1694
1740
1743
1744
1763
1766
1767
1778
1790
1801
1675
1781
1813
1655
1661
1682
1715
1716
1720
1728
1764
1733
1787
1798
1706
1729
1732
1742
1783
1786
1790
1794
1727
1770
1828
1830
1730
1768
1653
1662
1665
1668
1683
1689
1712
1717
1724
1737
1746
1789
1795
1800
1804
1809
1810
1819
1827
1683
1714
1717
1721
1735
1746
1757
1789
1796
1799
1800
1804
1810
1816
1826
1827
1762
1767
1680
1682
1715
1716
1720
1728
1764
1666
1684
1687
1702
1726
1806
1776
1808
1794
1807
1818
1823
1683
1688
1689
1717
1721
1724
1730
1737
1746
1750
1752
1753
1800
1813
1819
1827
1695
1766
1773
1801
1680
1706
1716
1729
1732
1742
1751
1783
1786
1812
1820
1824
1828
1665
1668
1669
1683
1689
1707
1712
1714
1730
1735
1736
1746
1750
1757
1768
1772
1774
1789
1796
1799
1800
1804
1809
1810
1816
1823
1827
1665
1668
1669
1675
1683
1688
1689
1697
1707
1712
1714
1717
1718
1721
1723
1724
1730
1734
1735
1736
1741
1746
1750
1752
1753
1757
1761
1768
1772
1782
1789
1791
1793
1795
1796
1799
1800
1804
1809
1811
1813
1816
1819
1823
1826
1827
1668
1689
1707
1712
1714
1730
1736
1741
1746
1750
1757
1772
1789
1791
1793
1795
1799
1800
1804
1809
1810
1813
1816
1821
1826
1684
1726
1792
1822
1672
1699
1725
1783
1785
1683
1707
1712
1714
1717
1734
1736
1746
1752
1757
1761
1768
1782
1789
1791
1793
1799
1800
1804
1809
1810
1816
1821
1823
1675
1685
1707
1714
1717
1730
1734
1741
1746
1752
1753
1757
1761
1768
1791
1793
1799
1800
1804
1811
1813
1823
1827
1678
1765
1772
1743
1763
1829
1831
1709
1725
1739
1783
1828
1740
1767
1758
1780
1800
1685
1688
1714
1717
1730
1735
1741
1753
1761
1765
1768
1800
1804
1810
1811
1813
1687
1705
1713
1825
1679
1740
1744
1763
1717
1726
1811
1819
1692
1773
1682
1691
1715
1728
1764
1699
1727
1715
1716
1689
1700
1707
1717
1721
1724
1730
1735
1737
1746
1750
1752
1761
1768
1769
1774
1789
1791
1795
1799
1800
1804
1813
1819
1821
1823
1827
1726
1758
1707
1722
1730
1734
1736
1741
1746
1753
1768
1771
1775
1799
1800
1804
1809
1813
1699
1703
1704
1720
1794
1698
1705
1708
1719
1803
1806
1825
1689
1710
1721
1724
1730
1737
1745
1746
1750
1752
1754
1768
1771
1791
1795
1800
1804
1811
1813
1816
1827
1707
1714
1717
1721
1724
1730
1735
1736
1737
1746
1750
1752
1753
1789
1793
1795
1796
1799
1800
1809
1813
1816
1819
1826
1827
1715
1716
1724
1763
1767
1808
1760
1740
1743
1790
1831
1763
1766
1773
1801
1731
1761
1814
1702
1718
1806
1806
1825
1703
1770
1794
1807
1707
1827
1718
1722
1780
1805
1806
1813
1817
1709
1725
1748
1807
1706
1729
1742
1786
1794
1820
1719
1803
1825
1729
1742
1783
1786
1794
1712
1714
1717
1721
1722
1730
1735
1736
1737
1741
1746
1750
1752
1754
1757
1761
1768
1772
1789
1791
1793
1796
1799
1800
1804
1809
1810
1816
1823
1826
1827
1725
1748
1749
1756
1770
1785
1807
1815
1831
1730
1771
1827
1714
1717
1736
1746
1757
1761
1789
1791
1793
1796
1800
1804
1809
1816
1823
1717
1721
1722
1723
1730
1735
1736
1737
1741
1746
1750
1752
1757
1761
1768
1769
1789
1791
1793
1795
1796
1799
1800
1804
1809
1810
1816
1821
1823
1826
1827
1716
1720
1728
1729
1720
1824
1721
1723
1724
1730
1736
1737
1746
1750
1752
1757
1768
1789
1795
1799
1800
1804
1811
1816
1819
1826
1827
1769
1780
1782
1817
1803
1825
1729
1764
1808
1724
1730
1736
1741
1746
1750
1752
1791
1795
1796
1799
1800
1804
1813
1816
1819
1827
1730
1741
1754
1768
1797
1805
1826
1730
1736
1746
1754
1768
1791
1793
1800
1804
1809
1813
1827
1737
1752
1771
1795
1800
1816
1827
1729
1749
1783
1785
1794
1738
1808
1764
1732
1742
1751
1783
1786
1794
1812
1820
1824
1828
1736
1737
1741
1746
1750
1753
1754
1757
1761
1765
1768
1771
1774
1775
1791
1793
1799
1800
1804
1810
1811
1813
1816
1819
1823
1826
1827
1761
1814
1742
1751
1783
1786
1820
1824
1828
1747
1784
1787
1798
1741
1746
1761
1768
1775
1800
1804
1736
1746
1750
1752
1753
1757
1761
1768
1769
1774
1799
1800
1804
1810
1823
1827
1746
1750
1754
1757
1768
1772
1789
1791
1793
1799
1800
1804
1809
1810
1816
1819
1823
1827
1741
1746
1750
1752
1757
1789
1796
1799
1800
1810
1816
1819
1827
1807
1783
1744
1766
1778
1746
1782
1800
1809
1816
1823
1826
1827
1751
1783
1786
1812
1820
1824
1828
1829
1831
1766
1778
1829
1770
1830
1750
1752
1757
1761
1768
1780
1789
1793
1795
1796
1799
1800
1804
1809
1810
1813
1816
1819
1823
1826
1827
1784
1787
1756
1785
1752
1761
1771
1789
1791
1793
1795
1799
1800
1819
1823
1827
1783
1786
1812
1820
1824
1828
1757
1795
1796
1799
1800
1804
1819
1827
1761
1768
1769
1799
1800
1804
1827
1800
1819
1831
1761
1768
1782
1791
1793
1799
1800
1804
1809
1810
1816
1827
1787
1765
1768
1791
1799
1800
1804
1807
1810
1814
1818
1823
1827
1829
1766
1773
1768
1779
1782
1791
1810
1813
1819
1773
1801
1772
1774
1791
1793
1795
1799
1800
1804
1809
1811
1813
1823
1827
1774
1799
1778
1800
1827
1791
1793
1804
1801
1799
1808
1822
1800
1817
1783
1807
1830
1799
1800
1804
1826
1785
1786
1794
1807
1812
1820
1824
1828
1787
1798
1828
1812
1820
1824
1828
1798
1796
1799
1800
1804
1810
1819
1827
1793
1800
1804
1813
1823
1826
1827
1796
1800
1804
1809
1810
1816
1823
1827
1807
1818
1799
1800
1819
1827
1799
1800
1804
1813
1827
1802
1800
1804
1810
1813
1816
1819
1823
1826
1827
1804
1809
1810
1811
1813
1816
1819
1823
1826
1827
1809
1811
1813
1816
1823
1827
1813
1825
1818
1810
1813
1816
1826
1816
1823
1826
1827
1813
1820
1824
1826
1827
1826
1827
1823
1827
1824
1828
1826
1827
1831
