1
2
3
4
5
6
7
8
9
10
11
12
13
14
15
16
17
18
19
20
21
22
23
24
25
26
27
28
29
30
31
32
33
34
35
36
37
38
39
40
41
42
43
44
45
46
47
48
49
50
51
52
53
54
55
56
57
58
59
60
61
62
63
64
65
66
67
68
69
70
71
72
73
74
75
76
77
78
79
80
81
82
83
84
85
86
87
88
89
90
91
92
93
94
95
96
97
98
99
100
101
102
103
104
105
106
107
108
109
110
111
112
113
114
115
116
117
118
119
120
121
122
123
124
125
126
127
128
129
130
131
132
133
134
135
136
137
138
139
140
141
142
143
144
145
146
147
148
149
150
151
152
153
154
155
156
157
158
159
160
161
162
163
164
165
166
167
168
169
170
171
172
173
174
175
176
177
178
179
180
181
182
183
184
185
186
187
188
189
190
191
192
193
194
195
196
197
198
199
200
201
202
203
204
205
206
207
208
209
210
211
212
213
214
215
216
217
218
219
220
221
222
223
224
225
226
227
228
229
230
231
232
233
234
235
236
237
238
239
240
241
242
243
244
245
246
247
248
249
250
251
252
253
254
255
256
257
258
259
260
261
262
263
264
265
266
267
268
269
270
271
272
273
274
275
276
277
278
279
280
281
282
283
284
285
286
287
288
289
290
291
292
293
294
295
296
297
298
299
300
301
302
303
304
305
306
307
308
309
310
311
312
313
314
315
316
317
318
319
320
321
322
323
324
325
326
327
328
329
330
331
332
333
334
335
336
337
338
339
340
341
342
343
344
345
346
347
48
53
54
73
88
92
119
126
133
194
236
280
299
315
322
346
20
115
116
149
226
312
326
333
343
9
25
26
67
72
85
122
142
170
188
200
228
274
280
283
323
78
152
181
195
218
273
275
306
328
87
122
156
158
169
180
187
204
213
235
315
316
89
95
147
219
319
22
31
38
65
87
103
129
136
168
213
246
291
304
308
315
322
339
340
347
91
110
193
201
245
259
264
21
25
26
30
56
66
67
69
72
75
79
85
105
113
119
122
128
133
134
141
142
148
156
161
169
170
176
185
186
188
199
200
203
224
231
232
252
258
271
272
276
277
280
285
291
295
297
304
315
322
323
329
334
341
342
67
142
169
200
277
285
291
323
332
21
26
56
59
65
67
82
98
109
118
119
148
172
188
199
211
223
236
238
239
252
261
265
271
277
304
313
325
332
342
20
28
41
115
116
144
149
151
214
226
310
312
326
343
29
82
118
172
261
329
331
332
19
41
111
115
116
137
140
144
214
310
312
326
41
89
112
115
138
174
175
214
227
289
293
312
319
343
41
44
111
115
149
162
214
226
312
326
333
343
25
26
31
39
40
55
56
66
67
88
98
104
105
108
109
119
121
122
123
127
134
136
142
159
161
165
169
170
184
186
188
197
200
203
212
223
232
235
236
239
248
251
252
271
272
274
277
280
281
284
297
304
308
313
315
322
323
325
332
334
342
345
87
158
168
185
277
308
324
339
347
51
61
83
99
116
124
144
155
175
190
227
230
237
240
245
267
53
57
80
92
94
101
180
187
194
242
249
266
299
302
346
26
31
39
40
51
56
65
67
69
72
73
76
79
83
84
88
94
98
103
104
105
113
119
122
130
141
148
158
169
170
176
185
186
188
199
200
203
221
224
231
232
236
237
239
246
252
257
270
271
272
276
277
280
283
285
288
290
291
297
322
323
325
331
332
336
40
55
56
62
66
67
69
72
79
98
104
109
113
118
119
122
123
128
133
134
141
142
158
161
169
170
172
176
185
186
188
199
200
203
212
223
224
232
236
239
248
252
257
265
271
276
277
280
285
291
295
297
298
304
308
313
315
322
323
325
332
334
54
119
324
329
41
115
116
140
144
149
151
226
310
312
326
40
82
106
118
172
203
211
231
247
252
338
48
56
73
178
188
200
213
224
236
271
303
304
322
329
331
51
67
83
84
109
122
129
142
168
200
237
252
277
280
291
304
308
338
339
93
137
167
310
337
42
173
348
414
428
143
108
127
135
184
197
251
281
284
309
320
117
141
178
248
322
332
339
69
105
119
121
141
161
165
200
257
277
280
313
56
67
72
77
113
132
133
141
142
158
169
172
199
200
203
212
213
224
231
232
239
257
258
265
271
272
274
277
280
298
304
307
315
317
322
325
329
332
334
44
93
111
115
116
137
140
144
151
214
226
230
243
310
312
326
337
343
111
312
343
67
104
122
132
142
186
200
221
303
322
345
143
175
177
278
301
53
54
57
73
80
88
119
126
130
180
199
203
271
299
302
320
322
330
332
192
241
255
109
113
119
146
148
203
277
314
331
334
83
84
237
192
54
88
92
94
101
130
146
180
191
194
196
204
213
242
248
249
254
260
266
299
302
315
317
322
330
332
346
119
313
329
56
67
104
122
123
170
185
186
200
203
239
252
261
277
59
60
62
63
66
67
72
75
82
88
98
103
104
109
113
118
119
122
128
132
134
136
141
142
161
169
170
172
185
186
188
199
200
203
207
211
212
213
221
222
223
231
232
238
239
252
261
265
271
272
276
277
285
290
291
297
298
303
304
313
315
322
323
325
331
332
334
341
342
80
92
108
184
204
213
242
249
277
302
320
346
107
171
269
82
98
118
172
186
203
211
238
239
250
252
261
268
271
325
342
158
239
285
291
313
322
193
67
96
98
122
130
133
141
142
161
170
186
199
200
223
224
236
239
261
276
318
322
323
341
261
271
313
342
100
119
150
171
189
217
82
118
203
252
261
297
314
339
67
113
122
134
142
239
252
304
308
334
69
72
75
79
82
98
104
109
113
118
119
122
123
128
134
136
141
142
156
158
161
169
170
185
186
188
196
199
200
203
212
213
223
224
236
239
248
252
261
265
271
272
277
280
285
290
297
303
304
308
313
315
322
323
324
325
332
334
342
344
345
99
143
175
177
225
227
263
296
105
121
236
304
230
230
307
113
132
141
165
172
199
200
212
232
239
252
271
272
291
298
329
88
126
130
299
331
85
170
188
200
258
272
274
304
322
323
270
117
231
294
332
181
195
218
273
275
306
328
119
185
188
200
252
271
272
88
92
94
101
173
180
187
194
204
213
242
249
266
299
300
315
320
330
346
269
286
84
98
118
119
121
123
148
158
169
170
172
199
203
211
222
231
238
252
261
268
271
313
314
318
325
331
84
237
224
236
237
265
276
304
313
156
170
176
188
258
271
272
274
322
323
175
177
225
227
278
136
161
213
246
291
308
315
322
339
106
126
130
164
178
186
236
242
303
322
336
95
147
219
319
327
179
110
193
201
245
259
264
94
101
180
187
194
196
204
242
249
254
266
299
302
330
346
111
137
167
310
337
101
180
187
194
204
242
249
254
266
299
300
302
315
320
330
346
147
319
327
133
190
213
224
274
314
323
182
230
103
104
109
113
118
119
122
123
128
141
148
170
172
186
199
200
203
211
223
238
239
252
258
261
265
271
272
276
277
280
285
291
304
313
315
325
331
332
342
102
131
143
175
177
225
227
263
278
296
119
150
163
189
217
269
323
180
187
194
204
242
249
254
266
299
302
317
330
346
175
227
263
296
136
169
172
185
200
211
252
271
285
323
339
109
113
122
123
128
142
169
186
188
200
203
212
239
252
271
277
295
303
318
322
325
332
344
119
148
236
257
272
277
280
315
169
231
238
329
332
171
348
353
363
366
376
389
414
420
428
475
483
484
517
526
538
563
566
580
596
601
606
629
637
641
649
651
896
897
898
899
900
901
902
903
904
905
906
907
908
909
910
911
912
913
914
915
916
917
918
919
920
921
922
923
924
925
926
927
928
929
930
931
932
933
934
935
936
937
938
939
940
941
942
943
944
945
946
947
948
949
950
951
952
953
954
955
956
957
958
959
960
961
962
963
964
965
966
967
968
969
970
971
972
973
974
975
976
977
978
979
980
981
982
983
984
985
986
987
988
989
990
991
992
993
994
995
996
997
998
999
1000
1001
1002
1003
1004
1005
1006
1007
1008
1009
1010
1011
1012
1013
1014
1015
1016
1017
1018
1019
1020
1021
1022
1023
1024
1025
1026
1027
1028
1029
1030
1031
1032
1033
1034
1035
1036
1037
1038
1039
1040
1041
1042
1043
1044
1045
1046
1047
1048
1049
1050
1051
1052
1053
1054
1055
1056
1057
1058
1059
1060
1061
1062
1063
1064
1065
1066
1067
1068
1069
1070
1071
1072
1073
1074
1075
1076
1077
1078
1079
1080
1081
1082
1083
1084
1085
1086
1087
1088
1089
1090
1091
1092
1093
1094
1095
1096
1097
1098
1099
1100
1101
1102
1103
1104
1105
1106
1107
1108
1109
1110
1111
1112
1113
1114
1115
1116
1117
1118
1119
1120
1121
1122
1123
1124
1125
1126
1127
1128
1129
1130
1131
1132
127
159
184
197
251
272
281
284
320
118
119
122
142
148
158
169
186
200
203
229
239
252
271
277
285
295
297
303
304
314
322
323
324
325
331
332
259
264
137
214
279
310
312
326
337
343
174
119
121
122
132
134
142
148
158
165
169
172
186
188
199
200
203
239
252
261
271
277
285
291
304
313
325
334
342
116
137
140
144
149
192
214
220
226
262
312
326
343
140
144
149
162
214
226
312
326
343
231
280
285
134
161
172
199
200
203
211
222
238
239
252
261
265
268
271
277
283
304
313
322
324
325
331
342
122
125
128
132
146
148
150
163
170
171
176
185
188
189
199
200
203
208
217
229
239
248
252
261
269
271
277
280
285
297
313
318
323
324
325
329
331
332
339
342
136
247
277
165
169
206
236
280
315
123
128
136
141
142
156
161
169
170
176
186
188
200
203
213
224
232
235
236
239
248
251
252
261
271
272
274
276
277
280
281
284
285
297
303
304
315
322
323
325
332
342
344
345
142
186
200
239
252
261
318
334
342
157
170
136
169
260
322
135
139
159
184
197
251
272
281
284
309
320
346
150
169
170
172
176
186
199
203
211
213
223
248
252
265
271
313
315
322
334
168
291
339
347
191
204
213
257
277
300
322
329
346
143
177
225
227
278
134
158
242
277
303
311
315
317
334
141
183
188
224
232
236
271
276
280
315
322
142
199
203
238
248
252
277
304
334
184
197
251
281
284
309
320
146
156
169
213
246
285
304
308
315
322
324
339
140
167
214
243
289
310
312
326
337
159
184
197
251
281
284
320
144
214
312
326
172
199
224
236
239
257
258
271
272
276
280
291
304
323
158
161
169
170
186
188
200
203
236
239
252
271
277
280
285
297
303
308
315
322
323
332
334
345
175
177
225
227
278
321
149
151
226
312
326
343
179
148
285
313
317
339
219
319
176
185
224
229
261
271
272
339
162
226
312
326
333
343
163
171
189
217
324
329
310
312
181
275
339
280
219
157
188
235
258
272
295
168
232
242
248
291
304
315
317
322
325
332
339
172
184
197
272
277
281
284
320
345
260
199
203
213
252
258
271
277
304
308
314
322
325
339
312
326
333
343
173
249
285
169
188
200
334
342
173
198
202
243
310
337
277
291
304
339
347
185
236
239
248
252
257
271
277
280
291
315
318
322
332
334
176
185
186
188
200
203
211
223
239
250
252
260
268
271
274
277
285
290
304
313
315
322
323
332
334
341
342
189
217
904
199
203
211
212
223
231
232
238
239
252
261
265
268
271
277
298
304
308
313
325
329
331
332
342
202
348
414
427
464
549
649
293
177
225
227
263
277
278
296
321
188
239
271
290
225
227
278
186
206
213
231
272
303
322
329
345
187
194
196
204
242
249
254
266
299
302
346
195
218
273
275
306
328
253
197
251
272
281
284
309
320
329
346
188
200
271
272
274
280
285
290
297
315
322
344
188
199
200
203
213
221
222
223
236
239
252
271
272
277
285
303
322
323
325
331
341
345
194
242
249
254
266
299
302
346
200
208
223
224
239
252
258
271
272
274
277
280
285
290
291
297
304
315
322
323
334
341
342
217
229
205
259
196
204
242
249
254
266
299
302
346
218
273
275
306
328
204
249
254
266
285
330
346
251
272
281
284
309
320
329
348
351
364
393
399
441
476
501
549
564
200
203
211
212
222
223
231
232
238
239
252
261
265
271
288
291
298
304
313
314
315
322
324
325
342
203
223
224
232
236
239
248
252
271
274
276
277
280
285
297
304
322
323
324
325
332
334
259
329
211
223
238
239
261
265
268
270
271
272
277
285
297
304
308
313
315
322
324
325
331
332
334
338
341
342
213
242
249
254
266
277
302
329
330
346
260
322
277
285
291
332
222
223
238
239
261
265
268
271
272
285
304
313
315
325
331
342
232
239
252
271
295
298
304
344
224
231
236
239
242
246
249
272
277
285
291
303
308
315
322
324
332
340
345
230
289
312
326
333
343
243
324
273
275
306
328
319
262
312
285
303
322
238
240
313
325
239
246
252
261
265
271
313
315
325
342
232
236
261
271
276
291
304
315
322
324
332
227
278
312
326
333
343
263
278
296
283
334
253
307
232
239
280
291
315
329
332
239
271
276
280
285
291
298
322
256
239
248
252
257
271
272
276
280
297
303
304
314
315
318
322
239
252
261
265
271
313
324
325
342
252
261
265
271
272
276
277
280
285
295
303
304
313
322
323
325
338
344
249
254
266
299
302
322
330
346
310
312
337
282
259
285
304
308
315
322
339
340
252
265
277
291
311
323
332
254
266
299
302
304
315
330
346
252
322
281
284
309
320
261
265
271
272
277
280
285
291
297
304
308
313
315
322
324
325
332
334
338
342
345
266
299
302
330
346
258
272
280
295
304
315
322
344
272
291
295
323
264
322
339
265
268
271
285
297
313
314
318
325
342
345
312
296
271
298
311
313
325
331
342
302
330
346
271
325
329
272
276
277
280
285
290
291
297
298
304
313
314
315
318
322
323
325
331
332
342
277
280
281
285
291
297
304
320
329
346
275
306
328
323
341
306
328
322
280
285
290
291
294
304
308
311
315
322
323
324
325
332
334
339
342
290
291
297
304
315
322
323
329
332
284
309
320
309
320
329
303
304
313
315
322
323
332
342
345
315
322
323
342
315
329
332
339
322
323
324
300
302
330
346
320
346
324
315
330
346
315
322
345
308
315
322
324
325
332
334
341
347
312
328
322
323
329
334
338
320
337
325
344
326
343
314
315
325
339
342
342
322
323
324
329
339
345
334
327
329
346
323
329
339
341
342
345
332
341
329
331
332
340
342
343
332
346
332
343
339
340
347
349
350
351
352
353
354
355
356
357
358
359
360
361
362
363
364
365
366
367
368
369
370
371
372
373
374
375
376
377
378
379
380
381
382
383
384
385
386
387
388
389
390
391
392
393
394
395
396
397
398
399
400
401
402
403
404
405
406
407
408
409
410
411
412
413
414
415
416
417
418
419
420
421
422
423
424
425
426
427
428
429
430
431
432
433
434
435
436
437
438
439
440
441
442
443
444
445
446
447
448
449
450
451
452
453
454
455
456
457
458
459
460
461
462
463
464
465
466
467
468
469
470
471
472
473
474
475
476
477
478
479
480
481
482
483
484
485
486
487
488
489
490
491
492
493
494
495
496
497
498
499
500
501
502
503
504
505
506
507
508
509
510
511
512
513
514
515
516
517
518
519
520
521
522
523
524
525
526
527
528
529
530
531
532
533
534
535
536
537
538
539
540
541
542
543
544
545
546
547
548
549
550
551
552
553
554
555
556
557
558
559
560
561
562
563
564
565
566
567
568
569
570
571
572
1025
434
478
508
534
369
384
397
407
419
426
433
455
484
497
504
519
527
528
531
543
546
552
561
563
364
454
564
368
375
394
398
404
408
409
412
431
456
462
479
484
492
493
494
503
517
525
536
538
542
363
366
370
373
376
388
391
394
400
404
408
409
412
417
419
420
428
430
431
432
446
460
462
471
475
482
483
484
487
492
493
496
497
500
503
513
514
515
517
520
524
526
537
538
540
542
544
559
560
561
566
567
580
601
606
637
641
651
930
936
976
1012
1075
1080
1114
1122
355
359
361
376
382
396
397
403
450
452
458
463
470
474
481
489
497
500
507
510
519
531
547
555
557
359
361
367
373
376
382
396
397
402
403
410
412
418
452
455
460
463
470
474
475
481
489
497
500
510
515
519
528
531
543
546
547
548
553
555
557
565
411
472
369
389
397
419
424
457
459
469
477
486
505
509
516
518
551
554
563
361
367
376
391
396
403
405
422
452
455
470
474
475
481
489
491
530
531
546
547
555
557
562
362
365
370
373
376
387
388
395
402
412
415
417
422
428
432
438
442
444
460
461
463
495
497
506
507
510
513
514
520
523
524
542
543
544
548
553
555
558
561
565
567
570
376
396
405
450
463
470
474
475
481
489
500
519
530
531
547
555
557
562
568
371
373
412
413
415
445
460
463
473
482
492
495
535
542
558
560
570
366
367
368
370
373
374
376
378
385
388
402
409
412
414
417
419
432
436
444
455
461
463
475
481
482
483
484
487
492
493
497
500
506
507
514
515
517
521
524
525
526
527
538
542
544
553
559
561
565
566
580
591
606
637
651
656
669
936
976
1080
1113
1122
393
399
441
476
501
564
408
513
520
556
368
373
374
376
378
391
394
395
400
402
404
408
412
417
428
430
431
434
436
438
446
460
475
482
483
484
492
493
496
497
503
513
514
515
517
520
524
526
538
539
542
544
548
553
555
559
566
580
606
637
651
930
936
976
1001
1012
1080
1113
1122
373
376
378
391
396
403
412
416
422
452
455
474
475
481
483
489
490
491
502
504
519
525
546
547
548
553
555
566
371
374
375
378
395
398
404
408
409
412
416
419
431
456
462
479
493
494
497
500
503
517
521
525
526
527
536
538
553
559
378
380
381
389
397
407
419
424
433
435
442
455
457
469
477
486
509
516
518
551
554
561
563
373
374
376
378
387
388
392
395
397
402
412
413
414
415
416
417
419
420
423
428
430
431
432
436
438
439
451
452
456
458
460
461
465
469
471
475
483
492
497
506
507
514
515
520
523
524
525
527
540
542
544
548
553
555
559
561
563
565
566
567
591
604
645
646
666
669
683
460
542
410
421
422
429
444
455
460
530
531
539
543
545
547
558
568
570
374
376
378
387
388
390
391
392
395
397
400
402
408
412
413
414
417
421
423
425
428
431
434
436
438
439
446
450
456
460
461
463
465
471
473
475
483
491
492
496
497
498
500
502
506
507
513
514
515
517
520
523
524
525
527
528
542
544
545
546
548
553
556
558
559
561
563
565
566
567
580
587
590
591
604
606
614
634
637
641
645
651
669
680
683
376
378
391
402
412
414
417
418
419
420
430
431
432
438
439
444
451
456
460
461
463
465
475
482
483
488
492
496
497
500
504
506
507
510
513
514
515
517
520
521
523
524
525
526
527
535
544
545
553
556
559
561
563
565
566
567
569
570
591
614
669
683
398
404
408
409
431
456
479
484
493
494
503
525
526
538
378
387
388
390
391
394
395
396
397
400
402
405
410
412
413
414
417
419
420
423
426
428
431
432
434
436
438
439
442
444
446
450
452
456
458
460
461
463
465
471
473
475
481
482
483
487
488
489
490
491
492
496
497
500
502
506
507
511
513
514
515
517
519
520
523
524
525
526
527
531
538
542
544
545
546
547
548
553
555
556
557
559
561
563
566
567
570
580
586
587
591
604
606
610
614
634
637
645
646
651
652
669
673
676
683
1095
383
391
394
400
412
414
417
423
426
428
431
434
436
452
456
461
465
471
475
482
483
484
487
488
492
495
496
497
500
502
506
513
514
515
517
524
527
542
544
553
559
561
563
566
580
591
604
614
637
641
651
669
676
532
389
424
457
486
505
509
516
518
554
389
419
424
457
469
486
509
516
551
554
403
410
452
470
474
500
531
547
555
387
464
552
423
436
461
483
507
524
401
532
395
400
402
406
408
412
415
417
428
436
438
444
461
465
503
506
507
513
514
517
520
523
524
525
544
556
559
561
567
570
400
404
412
415
421
438
444
445
450
452
463
465
475
483
487
492
493
496
497
500
503
507
513
523
537
544
548
557
559
566
567
397
419
424
435
457
459
469
486
497
505
509
516
518
551
554
949
1010
1013
1037
1041
1070
1109
1121
450
475
539
394
400
412
414
417
423
428
431
438
446
456
458
460
465
475
482
483
484
487
488
490
491
492
493
497
500
502
503
506
512
513
514
515
517
524
525
527
539
544
548
553
556
559
561
563
566
567
580
591
614
637
669
394
404
412
423
428
430
431
436
456
460
465
473
475
482
483
487
492
493
497
500
503
506
514
515
525
527
537
538
542
553
556
559
560
561
566
567
399
441
501
564
398
400
408
414
436
438
475
479
488
492
503
511
512
513
515
517
520
538
542
544
556
559
566
601
614
620
676
683
398
400
402
404
408
412
413
414
417
419
421
422
423
425
428
430
431
436
438
451
452
456
460
461
463
465
471
479
483
488
495
497
506
507
511
512
513
514
515
517
520
523
524
525
527
536
537
538
542
544
545
553
556
559
560
561
567
574
591
601
604
614
620
630
637
645
669
678
683
403
410
422
450
470
474
475
481
489
500
510
519
531
546
547
548
555
557
568
570
402
418
419
420
421
422
426
432
439
444
449
457
458
469
477
481
483
485
504
506
507
509
510
513
514
516
518
523
531
541
543
544
546
554
557
563
570
404
408
409
412
430
431
445
456
462
479
484
488
493
494
497
503
511
512
517
525
526
527
536
538
545
559
561
441
476
501
564
404
408
409
412
414
415
417
419
420
421
428
431
432
434
436
438
444
445
456
461
465
475
482
484
487
488
492
493
497
500
503
506
511
512
513
514
515
517
524
525
537
538
539
542
544
553
556
559
561
566
567
580
591
601
606
614
637
641
651
669
676
683
412
413
415
417
421
422
425
428
432
436
438
444
451
458
460
463
465
475
482
493
495
497
500
506
507
508
513
514
515
517
520
523
524
542
543
544
545
553
558
559
561
563
566
567
570
452
458
470
475
489
497
510
515
519
546
547
553
555
408
409
415
419
421
428
431
440
444
445
452
456
462
465
479
482
483
484
487
493
494
496
500
503
506
511
512
515
525
526
536
537
538
542
545
556
559
560
561
566
418
428
478
513
531
563
568
437
532
426
433
455
458
490
504
510
513
528
533
543
563
409
412
417
419
428
430
431
438
439
440
444
445
456
461
465
473
479
483
484
487
488
493
500
503
511
512
513
514
517
520
524
525
526
536
537
538
545
556
559
560
561
412
419
431
456
460
462
479
487
492
493
494
497
500
503
512
515
517
521
525
526
536
538
542
561
463
474
475
500
547
548
555
557
568
498
414
416
417
418
422
423
428
430
431
432
434
436
438
442
452
455
456
460
461
473
481
482
483
484
487
488
492
493
494
496
500
503
504
506
507
512
513
515
517
520
523
524
525
526
527
528
529
533
537
538
542
544
547
548
549
555
558
559
560
561
565
566
567
569
580
591
593
604
609
614
645
669
676
683
415
445
448
460
461
463
465
473
535
542
422
423
427
428
431
434
436
438
461
465
475
480
483
492
496
500
506
513
514
515
524
542
544
553
556
558
559
561
563
566
567
573
574
575
576
577
578
579
580
581
582
583
584
585
586
587
588
589
590
591
592
593
594
595
596
597
598
599
600
601
602
603
604
605
606
607
608
609
610
611
612
613
614
615
616
617
618
619
620
621
622
623
624
625
626
627
628
629
630
631
632
633
634
635
636
637
638
639
640
641
642
643
644
645
646
647
648
649
650
651
652
653
654
655
656
657
658
659
660
661
662
663
664
665
666
667
668
669
670
671
672
673
674
675
676
677
678
679
680
681
682
683
684
685
421
428
444
445
460
463
465
473
495
520
535
542
545
556
558
563
417
419
430
432
465
483
493
494
497
500
503
537
557
563
567
569
421
428
431
438
444
445
456
460
461
465
475
479
483
492
493
495
497
500
503
506
507
508
511
513
514
515
517
520
523
524
527
537
538
542
544
545
553
556
559
560
561
566
567
570
432
463
465
475
481
497
504
506
510
514
523
544
547
553
555
557
568
422
423
424
428
430
431
440
452
456
469
471
475
483
484
486
487
488
492
493
503
505
513
516
517
518
525
526
527
536
537
538
540
544
551
559
561
565
567
430
432
439
451
465
471
483
484
506
507
513
514
524
537
553
556
563
566
567
569
596
936
444
445
455
457
465
487
493
500
504
543
545
558
563
570
432
438
444
449
455
460
474
481
483
489
497
504
520
523
545
546
547
553
555
561
570
579
584
592
593
596
597
601
604
609
614
617
618
619
620
630
631
636
644
653
654
655
657
663
678
680
682
685
425
428
430
431
436
444
456
461
465
473
475
484
492
497
500
503
506
513
517
523
524
525
527
537
538
553
556
558
559
560
561
567
586
587
591
604
606
614
634
637
645
646
651
669
683
435
457
469
486
505
509
516
518
551
554
427
428
434
439
456
460
477
479
520
523
534
553
563
570
431
455
471
504
510
513
524
525
531
544
546
563
428
464
496
549
563
430
431
432
434
436
438
444
451
452
456
460
461
463
465
473
475
479
482
484
492
497
500
506
507
508
511
512
513
514
515
517
520
523
524
525
526
542
544
545
549
553
558
559
561
563
567
570
591
594
601
604
606
609
614
641
651
667
669
676
683
915
930
962
1013
1109
1114
455
466
481
504
522
529
531
539
432
439
451
456
465
469
471
483
484
493
497
503
514
525
526
537
541
553
559
561
563
566
569
432
434
436
438
440
456
462
465
471
472
475
479
482
483
484
487
492
493
497
500
503
506
507
511
512
513
514
515
517
525
527
536
537
538
545
556
559
561
563
566
606
614
651
669
683
438
439
444
451
452
455
456
460
465
471
475
482
483
497
504
506
507
510
513
514
521
525
527
541
544
545
546
553
555
557
559
561
563
566
569
570
571
455
504
510
528
533
563
436
456
458
475
478
488
490
492
496
497
506
515
517
523
534
559
563
566
580
591
604
459
497
518
551
555
563
438
461
465
475
478
483
484
488
492
496
497
506
507
511
513
517
523
524
525
527
542
553
556
559
561
563
566
580
591
604
606
634
635
637
646
651
652
669
673
683
453
462
463
467
498
499
532
572
444
446
452
456
460
461
465
473
475
483
488
492
493
495
496
497
500
503
506
507
511
513
514
517
520
521
523
524
525
546
548
553
556
559
561
563
566
591
596
604
606
614
634
645
651
669
676
683
442
444
445
451
456
458
461
465
471
473
475
477
487
500
506
507
513
514
517
520
523
525
527
538
542
544
553
561
563
566
567
570
449
456
479
484
493
496
508
525
538
476
501
564
460
475
523
531
544
563
453
445
449
460
473
475
483
487
488
495
500
503
504
506
507
513
517
520
523
531
538
544
545
556
559
570
460
463
465
473
487
492
493
495
500
520
535
542
556
560
475
482
483
487
490
491
492
515
517
539
548
460
480
504
507
543
563
452
463
474
475
481
489
497
500
519
531
539
547
548
557
465
471
493
503
506
507
513
514
544
553
556
561
563
567
569
460
463
465
470
475
489
497
500
506
507
510
513
519
521
531
544
546
547
553
555
557
559
566
468
498
564
466
497
500
504
506
510
522
528
529
531
539
541
543
546
553
557
561
563
565
568
569
460
462
465
473
479
484
493
494
495
496
497
503
506
511
512
513
517
520
523
524
525
527
537
538
545
553
559
561
563
566
567
459
469
477
486
505
509
516
518
551
554
563
469
470
475
482
489
490
496
497
507
510
514
515
545
553
555
486
516
518
551
563
461
463
465
473
475
479
482
492
495
497
506
507
508
514
515
517
520
521
523
524
535
542
543
544
545
547
553
558
559
560
563
566
567
570
463
465
471
475
483
492
497
506
507
513
517
520
523
524
525
527
542
544
548
553
559
561
567
590
591
606
645
653
669
683
487
493
494
512
517
525
532
536
538
473
475
481
483
489
500
504
507
517
519
524
531
535
542
547
555
557
560
570
552
471
473
475
483
484
487
493
495
500
503
506
507
511
513
515
517
524
525
526
535
537
538
542
544
556
557
558
559
561
566
567
569
570
580
591
601
604
614
669
676
683
481
504
522
529
531
539
532
572
486
497
505
516
518
540
551
553
554
563
507
519
531
547
555
562
475
507
513
514
515
524
537
553
559
561
563
566
567
569
533
567
479
483
495
503
515
525
527
535
539
542
556
560
561
475
481
489
500
531
546
547
548
557
481
482
483
484
487
488
489
490
491
492
496
497
500
502
506
507
513
514
515
517
519
521
523
524
525
527
531
542
544
545
546
547
548
553
555
556
557
559
561
563
565
566
567
580
591
604
606
641
651
676
930
1122
501
485
516
518
554
563
496
508
534
483
484
492
493
503
511
512
513
515
517
520
525
527
536
538
542
545
559
561
540
543
563
593
489
504
519
522
531
539
547
555
483
484
496
497
506
507
515
517
525
548
553
556
565
484
487
492
493
494
496
497
500
503
506
507
513
514
515
517
520
524
525
526
527
535
537
538
542
544
553
557
559
560
561
563
566
567
580
591
596
601
604
606
614
637
639
641
651
669
671
896
917
919
930
933
936
942
948
954
962
976
984
1001
1012
1014
1018
1020
1025
1032
1066
1080
1086
1095
1099
1102
1104
1108
1113
1114
1122
493
494
497
500
503
506
511
513
514
515
517
520
525
526
527
536
537
538
544
559
560
566
567
580
606
637
651
913
936
953
968
1001
1029
1080
1095
1114
1122
518
563
505
509
516
551
554
492
493
500
503
513
525
538
556
559
496
497
511
512
513
517
524
527
553
556
559
519
531
535
546
547
555
557
491
502
523
548
502
548
495
497
500
503
506
513
514
515
517
524
537
538
542
544
553
559
560
561
566
567
580
591
604
606
614
637
641
651
669
676
494
497
500
503
507
511
512
514
517
525
526
536
537
538
539
545
556
557
559
560
561
566
497
503
517
526
536
537
538
559
561
507
514
520
542
544
558
570
497
506
507
508
513
514
515
517
523
553
565
566
580
591
637
641
669
500
503
506
507
510
513
515
517
520
523
524
525
526
527
537
538
542
544
545
546
555
557
559
560
561
565
566
567
570
532
532
503
506
507
513
514
517
519
520
521
524
525
527
531
537
538
542
546
547
548
553
555
556
557
560
563
565
566
580
591
601
604
614
637
645
651
683
564
539
548
511
513
514
517
524
525
526
527
537
538
539
542
553
556
557
559
560
561
566
567
506
507
510
513
514
521
522
528
529
531
539
541
543
544
546
547
548
553
555
562
563
570
571
509
516
551
554
507
508
513
514
517
519
520
521
523
524
525
527
537
544
545
553
557
559
561
563
566
591
604
606
610
645
510
513
514
515
517
520
523
524
525
526
544
545
553
556
557
559
561
563
565
566
570
520
534
541
542
544
563
516
518
551
554
513
521
528
533
553
555
563
512
517
525
536
538
545
556
559
561
566
513
515
517
525
526
536
538
545
556
560
561
514
515
517
520
523
524
525
527
537
542
544
553
557
559
561
563
566
567
580
591
601
604
606
610
614
634
637
641
645
646
651
669
683
517
520
524
525
527
537
538
541
544
548
559
561
566
569
570
580
614
669
683
517
519
524
525
527
545
548
553
555
557
559
566
580
591
614
620
637
641
654
518
551
554
563
520
524
525
526
527
536
537
538
544
545
553
556
559
561
566
580
601
606
637
651
905
936
976
1025
1095
1114
551
554
563
531
546
547
548
555
557
523
524
527
542
544
545
553
561
563
567
570
544
529
531
539
546
568
524
534
544
545
553
561
563
570
525
527
542
544
553
559
561
565
566
567
590
591
606
614
637
651
683
526
527
536
537
538
542
544
545
548
559
561
563
566
567
538
553
559
561
566
606
637
651
906
968
993
1012
1049
1054
1074
1075
1078
1110
1114
1128
538
542
553
559
561
567
543
553
563
531
539
539
543
546
547
555
557
563
568
570
572
563
538
545
561
538
545
559
560
561
566
567
569
542
545
559
560
561
566
580
606
637
651
948
1025
1080
1114
1122
560
568
559
560
563
568
553
556
559
560
561
567
580
591
606
683
545
546
558
563
570
545
553
556
557
559
561
563
566
570
580
604
645
669
676
683
553
558
559
561
563
566
570
547
555
557
563
548
555
557
555
556
563
554
555
556
558
559
560
561
565
566
567
569
570
591
609
614
620
634
644
645
666
669
683
563
557
559
563
614
652
673
676
683
570
570
604
561
566
567
580
591
604
606
614
637
651
669
676
683
561
565
565
566
567
580
591
604
606
651
669
683
566
567
569
594
604
634
645
1013
1070
567
580
591
593
637
651
676
936
968
1128
580
590
591
604
610
645
646
651
683
575
579
588
589
592
597
598
603
605
609
611
617
618
619
622
623
625
626
630
633
636
644
653
654
664
666
672
677
680
684
685
579
584
596
616
621
630
631
663
678
579
589
592
612
617
630
654
664
680
685
578
583
600
615
627
640
643
650
658
659
661
675
681
578
582
583
595
599
600
615
627
632
635
640
643
647
650
658
659
661
662
670
675
681
582
583
595
599
600
615
627
632
635
640
643
647
650
658
659
661
662
665
670
675
681
588
589
590
592
597
598
603
605
609
611
612
616
617
619
620
621
622
623
625
626
630
633
636
639
644
653
654
663
664
666
677
680
684
685
591
601
606
637
641
656
930
931
936
976
1025
1080
1095
1113
1122
642
583
595
599
600
615
627
632
635
640
643
650
658
659
661
662
670
675
681
595
599
600
615
627
628
632
635
640
643
647
650
658
659
661
662
665
670
675
681
592
596
616
618
630
631
637
639
660
678
679
682
587
634
645
646
591
634
645
646
651
592
617
618
619
633
644
653
654
678
682
685
592
596
597
603
605
609
611
617
620
622
623
625
636
654
664
677
684
591
609
612
617
623
633
644
680
604
606
634
637
641
645
646
651
669
683
597
598
603
605
609
611
612
616
617
618
619
620
621
622
623
625
626
630
633
636
644
653
654
655
664
666
672
677
678
680
682
684
685
667
600
615
627
635
640
643
650
658
659
661
662
670
675
681
604
609
616
618
620
630
639
653
655
663
677
678
917
1019
1022
1032
1086
1103
1129
603
609
611
618
619
623
625
630
633
636
644
653
654
677
680
684
605
609
618
619
625
630
636
653
654
677
680
684
600
615
627
628
632
635
640
643
647
650
658
659
661
662
665
670
675
681
615
627
628
632
635
640
643
650
658
659
661
662
665
670
675
681
609
629
630
637
644
976
1122
605
609
611
612
619
623
625
644
654
677
680
684
606
637
645
651
669
671
676
609
617
619
626
630
644
653
654
677
678
680
614
641
645
669
905
915
917
936
963
968
1001
1012
1052
1070
1086
1110
1113
1122
612
617
619
620
623
626
630
636
644
653
654
664
666
680
618
625
636
653
654
664
677
680
684
617
619
630
636
654
664
678
680
637
645
669
676
683
627
628
632
635
640
643
647
658
659
661
662
665
670
675
681
618
621
622
623
625
630
631
639
657
660
663
678
684
619
620
625
626
630
644
648
654
664
666
677
680
685
619
630
631
633
636
653
666
678
679
680
682
684
685
623
625
630
633
636
644
653
654
677
678
684
685
630
636
644
653
654
666
672
678
622
663
623
625
639
663
678
684
625
636
654
677
684
630
633
644
653
654
677
684
630
644
654
657
664
677
680
632
635
640
643
647
650
658
659
661
662
665
670
675
681
632
643
647
661
662
665
681
630
637
641
631
636
641
644
653
655
657
663
664
666
672
678
682
684
685
639
678
679
682
635
640
643
647
650
658
659
661
662
665
670
675
636
644
653
666
680
645
646
647
651
640
643
650
658
659
661
662
670
675
681
644
653
666
677
678
680
684
685
639
641
645
669
678
679
896
936
957
968
1001
1012
1018
1025
1060
1067
1080
1086
1104
1113
1128
678
682
643
647
650
658
659
661
662
670
675
681
651
915
930
962
1060
1070
1086
1113
1114
1122
650
658
659
661
662
665
670
675
681
654
664
666
680
646
651
669
671
683
651
650
658
659
662
665
670
675
681
1023
658
659
661
662
665
670
681
683
905
936
1001
1011
1012
1080
1113
1122
654
664
666
672
677
678
680
685
664
666
672
677
678
680
683
684
685
657
682
659
661
662
665
670
675
681
661
662
665
670
675
681
662
665
670
675
681
665
670
675
681
666
685
670
675
680
671
675
681
678
681
683
680
682
684
679
682
685
682
684
685
687
688
689
690
691
692
693
694
695
696
697
698
699
700
701
702
703
704
705
706
707
708
709
710
711
712
713
714
715
716
717
718
719
720
721
722
723
724
725
726
727
728
729
730
731
732
733
734
735
736
737
738
739
740
741
742
743
744
745
746
747
748
749
750
751
752
753
754
755
756
757
758
759
760
761
762
763
764
765
766
767
768
769
770
771
772
773
774
775
776
777
778
779
780
781
782
783
784
785
786
787
788
789
790
791
792
793
794
795
796
797
798
799
800
801
802
803
804
805
806
807
808
809
810
811
812
813
814
815
816
817
818
819
820
821
822
823
824
825
826
827
828
829
830
831
832
833
834
835
836
837
838
839
840
841
842
843
844
845
846
847
848
849
850
851
852
853
854
855
856
688
697
703
718
728
730
739
747
759
764
765
774
777
779
780
783
797
805
807
817
819
820
823
828
830
838
856
694
695
696
697
701
713
719
723
724
726
727
734
739
740
747
751
752
754
756
766
770
771
772
774
777
780
792
800
805
815
819
821
823
824
828
830
834
840
845
847
849
853
856
702
712
714
732
771
789
839
694
713
731
773
784
820
831
853
746
771
782
822
833
695
697
705
713
726
734
778
823
824
828
834
837
844
695
696
697
703
705
706
710
711
713
719
722
724
726
727
731
737
738
745
752
754
756
760
766
772
773
774
780
781
784
795
798
800
805
810
812
815
820
821
823
824
827
828
829
830
831
834
842
845
847
848
853
696
697
700
701
706
711
713
718
719
724
726
734
738
745
751
752
754
760
766
777
778
780
781
784
794
805
810
815
824
829
830
834
840
842
844
847
853
697
711
713
719
724
727
738
739
745
747
773
774
778
780
784
795
805
823
824
828
829
830
834
840
842
845
853
698
701
705
708
709
713
719
721
724
726
727
731
745
747
748
753
754
760
765
766
769
772
777
780
781
800
805
815
818
819
820
823
824
827
828
830
834
835
840
842
844
848
849
856
890
703
708
713
719
729
745
747
753
769
772
774
776
798
800
803
804
805
810
811
819
823
825
828
830
840
856
857
858
859
860
861
862
863
864
865
866
867
868
869
870
871
872
873
874
875
876
877
878
879
880
881
882
883
884
885
886
887
888
889
890
891
892
893
894
895
833
745
784
794
795
815
713
724
726
747
754
760
774
777
778
780
781
794
821
830
834
842
845
714
725
732
789
822
839
705
709
718
719
728
730
739
741
747
748
754
758
759
764
765
779
781
787
792
793
797
805
807
809
815
817
819
820
823
824
827
828
831
835
838
843
845
856
880
770
777
799
848
706
713
715
718
719
720
722
724
726
728
731
737
738
739
741
745
747
748
752
754
755
758
759
760
761
762
763
764
770
772
773
778
780
781
784
787
799
800
803
805
807
808
809
810
814
819
820
823
824
827
828
829
830
831
834
835
836
842
843
844
845
847
849
853
713
719
731
745
752
773
784
805
810
815
828
834
847
853
712
714
736
742
746
767
768
816
833
713
719
724
730
747
753
755
760
769
774
781
797
800
811
814
819
823
824
827
828
830
840
849
856
869
890
739
754
777
805
819
823
824
828
830
835
838
840
843
848
711
803
805
810
847
853
722
724
727
738
745
752
766
784
795
810
828
829
842
847
853
714
736
742
767
768
782
789
816
822
839
719
721
722
724
726
731
734
736
738
742
745
746
747
748
751
752
760
762
766
772
773
774
777
778
780
781
782
784
787
794
800
805
810
813
814
815
816
817
818
819
823
824
827
828
829
830
831
833
834
840
842
844
845
847
848
850
851
853
725
732
767
771
789
806
818
822
839
738
745
781
805
814
827
834
842
718
728
741
747
763
770
795
797
799
820
849
798
852
855
719
720
730
745
747
748
758
762
764
770
781
787
793
797
803
805
809
814
815
817
823
827
828
834
720
722
724
726
727
728
731
733
734
737
745
747
752
755
756
759
760
762
764
766
768
772
773
774
781
784
787
794
799
800
805
810
814
815
817
819
820
823
824
827
828
829
830
834
840
842
845
847
848
849
853
730
739
745
755
764
774
781
787
790
793
803
808
809
832
736
848
737
738
745
768
784
820
829
853
727
734
745
766
770
824
826
828
830
849
726
731
734
736
738
742
745
752
754
760
766
773
777
778
781
784
786
794
795
805
814
819
820
821
823
824
826
827
828
829
830
834
842
848
853
732
771
806
818
839
731
745
751
752
754
760
766
773
778
780
781
784
805
812
815
820
821
823
824
828
830
834
844
845
853
752
756
766
770
784
800
805
824
828
830
842
845
846
847
848
849
853
854
730
737
739
741
747
754
759
764
765
773
774
779
780
781
783
787
792
797
803
805
807
809
817
819
820
823
824
828
835
838
843
856
753
804
856
861
863
876
878
882
886
888
889
747
763
764
783
787
797
803
849
745
752
766
773
774
781
784
805
810
815
827
828
830
834
847
853
771
788
789
791
802
806
818
822
839
768
782
786
795
829
839
756
760
766
770
778
784
785
803
805
829
842
846
847
849
853
769
800
819
856
742
746
782
788
816
818
833
850
745
773
805
815
820
824
828
830
837
843
745
751
752
760
774
781
784
794
795
805
813
826
829
842
853
740
747
754
757
758
764
774
777
780
787
792
793
797
805
807
819
823
824
828
840
748
770
817
831
841
747
763
770
781
800
807
820
823
827
828
835
836
746
759
768
786
789
829
782
833
848
747
751
752
755
758
760
762
773
774
781
784
787
790
794
795
799
800
805
810
813
814
815
817
820
823
824
827
828
829
830
834
842
845
847
853
782
816
833
748
752
753
754
758
763
764
765
769
770
773
774
780
783
792
793
797
800
803
804
805
807
809
810
815
819
820
823
828
830
831
837
838
840
848
849
856
880
758
764
770
779
787
793
797
817
830
831
849
757
770
784
795
828
830
842
759
766
773
774
781
784
800
805
810
815
820
823
824
827
828
829
830
831
834
842
847
853
769
819
823
856
861
889
890
773
777
779
780
792
805
815
821
823
824
828
830
835
838
840
848
758
781
783
787
793
797
808
809
814
827
836
845
849
805
826
827
847
775
781
783
787
793
808
809
814
817
827
836
849
766
828
766
781
784
794
800
805
814
820
823
824
827
828
829
830
834
842
772
800
805
827
842
848
781
799
805
810
814
827
842
770
787
797
803
804
820
836
849
779
781
783
787
793
797
805
807
809
817
823
824
827
828
838
843
779
780
792
807
823
835
843
856
771
780
784
800
805
810
815
820
823
824
826
827
828
830
834
847
849
853
768
796
822
839
786
789
816
822
833
839
774
798
800
811
828
856
869
890
772
777
781
783
797
799
803
820
824
828
845
849
789
791
802
806
818
839
850
781
800
805
814
827
828
845
856
774
780
781
784
810
815
820
821
823
824
827
828
829
831
834
836
842
847
853
784
800
805
807
810
811
819
820
823
824
828
830
840
843
853
856
869
867
872
873
874
877
885
887
779
780
824
829
830
812
819
828
830
834
844
780
792
807
823
824
828
835
838
840
792
803
805
815
819
823
824
828
830
834
835
838
840
845
783
784
787
793
794
800
805
809
810
814
815
817
823
824
827
828
829
830
834
836
842
849
853
786
804
813
829
833
787
793
797
809
817
820
827
849
794
795
800
810
813
824
826
827
828
829
834
842
853
854
846
813
829
833
793
797
803
808
809
814
817
823
827
836
849
806
806
818
833
839
832
796
806
818
822
803
805
807
815
819
823
824
828
830
835
837
838
850
797
808
809
817
836
849
850
795
842
813
820
829
842
853
806
818
822
829
808
809
817
820
827
828
831
849
852
855
813
814
835
845
805
810
811
814
823
827
828
830
834
842
845
851
853
856
806
818
820
832
837
840
880
849
856
861
863
876
878
882
886
888
889
807
810
814
815
817
818
819
823
824
827
828
829
830
831
834
837
838
840
842
843
844
847
853
880
818
822
833
839
850
819
823
828
838
843
856
809
817
827
814
815
823
827
828
834
842
847
853
856
856
869
890
815
824
828
837
833
827
828
829
834
842
853
819
823
824
828
830
834
835
837
838
845
847
853
856
833
850
819
827
828
830
850
822
839
823
824
827
828
830
834
835
838
840
848
856
880
823
824
828
830
831
834
845
848
849
853
836
829
839
850
824
827
828
830
834
835
838
840
843
848
853
856
880
826
827
828
829
830
834
835
837
838
840
842
843
844
847
848
849
853
856
864
884
889
828
830
842
828
830
834
842
849
853
829
830
834
835
837
838
840
842
844
845
846
847
848
849
851
853
856
880
834
842
847
853
834
838
840
844
845
846
847
849
853
856
853
842
844
847
853
837
838
853
840
840
856
848
856
853
848
849
853
855
861
863
864
869
876
878
882
888
889
893
862
865
868
871
870
871
881
895
885
863
876
878
888
889
865
868
1085
876
878
882
886
888
889
884
893
868
879
881
894
895
872
873
874
877
885
887
890
871
879
881
894
895
879
881
895
873
874
885
887
874
885
885
887
878
882
886
888
889
885
886
888
889
881
894
895
886
889
893
887
889
889
902
954
957
975
981
984
988
989
994
1007
1009
1014
1015
1018
1019
1021
1032
1036
1044
1060
1067
1081
1082
1100
1102
1104
1108
1115
1120
1129
922
927
947
953
967
991
995
1029
1058
1074
1083
1084
1123
917
919
942
969
971
1014
1020
1066
1081
1099
1102
1108
908
919
1014
903
938
958
963
992
1097
1118
957
975
981
1019
1036
1067
1082
1100
1104
1129
917
963
992
1097
1118
1001
1095
1114
925
966
1003
1048
1049
1054
1059
1075
1078
1110
1116
1126
1128
948
980
1047
950
1033
1077
955
1030
1043
1045
1111
912
1122
914
968
1052
1068
1093
915
1052
930
948
962
1110
925
946
947
952
960
966
967
972
978
982
983
993
999
1004
1006
1017
1026
1028
1040
1047
1063
1069
1076
1078
1079
1086
1092
1125
919
933
938
942
944
954
957
964
965
969
984
992
1007
1014
1018
1020
1032
1037
1042
1051
1052
1057
1060
1066
1070
1081
1086
1099
1102
1108
1121
942
1020
1032
1066
1099
1102
921
925
927
934
952
967
980
993
995
1026
1048
1049
1059
1078
1124
1126
1128
946
991
1123
1130
961
940
954
974
1000
1010
1035
1037
1051
1070
1109
1120
1127
927
946
967
978
980
993
999
1003
1004
1017
1047
1048
1049
1054
1059
1075
1076
1079
1086
1092
1110
1112
1124
1125
1126
1132
946
960
997
1026
1056
946
947
967
980
993
1026
1048
1124
1061
948
962
976
1080
1113
1122
939
1064
953
980
982
995
997
1026
1029
1056
1074
1107
941
942
971
1014
1103
952
980
993
1026
1048
1076
1079
1086
1126
1128
1007
1001
1012
1114
1122
1106
992
1097
1118
1064
1109
942
945
954
969
971
984
1020
1032
1081
1104
954
969
971
984
1014
1018
1020
1032
1066
1081
1099
1102
1108
1042
1051
965
977
1011
1041
1051
1070
1072
1131
947
952
960
966
967
968
991
993
1003
1004
1006
1024
1026
1028
1048
1059
1076
1078
1079
1083
1086
1092
1112
1123
1125
1126
1132
978
993
999
1017
1028
1049
1059
1078
1079
1086
1101
1126
1128
1132
1012
1025
1080
1113
1041
1052
1072
1106
1109
1121
973
1033
967
993
1004
1017
1028
1054
1059
1076
1078
1086
1126
1128
978
993
995
997
1029
1040
1047
1056
1059
1078
1083
1086
1107
1117
1124
969
971
984
1014
1018
1020
1032
1066
1102
1104
1108
1120
1030
1043
1045
1111
979
1016
975
981
1036
1060
1066
1067
1082
1104
1120
1097
1118
960
972
983
1006
1029
1039
1040
1063
1069
1078
1107
1132
966
972
982
997
998
1006
1017
1024
1040
1059
1068
1069
1078
1083
1086
1091
1101
1107
1123
1125
1126
1130
1132
1038
1087
1088
1064
1095
992
1097
1118
1005
1041
1062
1089
1109
986
1052
1070
978
982
983
999
1006
1017
1024
1040
1078
1083
1086
1101
1107
1117
1125
1126
1130
1132
980
993
1003
1026
1047
1048
1049
1054
1076
1092
1110
1112
1124
1126
999
1052
1054
1062
1110
1014
1032
1081
1099
1108
1033
1073
984
1014
1020
1032
983
1006
1040
1069
1101
1117
990
1000
1010
1127
981
988
1060
1104
1129
1122
986
1011
1041
1072
1131
980
993
1017
1047
1076
1086
1117
1124
1126
1132
1016
993
995
1017
1026
1047
1048
1049
1074
1078
1079
1086
1116
1124
1126
1128
988
1036
1044
1060
1067
1100
1104
1120
1129
983
998
1006
1017
1029
1040
1056
1078
1083
1101
1125
1126
1132
1006
1040
1063
1069
1078
1083
1086
1101
1107
1125
1014
1020
1032
1066
1099
1102
1000
1090
1127
1019
1100
1104
1009
1014
1019
1044
1067
1082
1104
1034
1097
1118
1006
1026
1028
1048
1059
1076
1079
1086
1101
1110
1117
1122
1126
1128
1009
1021
1067
997
1029
1074
1083
1084
1087
1006
1024
1029
1056
1083
1101
1117
1124
1125
1132
1029
1006
1017
1059
1068
1076
1078
1079
1092
1124
1125
1126
1132
1010
1127
1080
1095
1114
1124
1105
1004
1054
1059
1075
1076
1079
1086
1112
1126
1017
1059
1076
1078
1079
1091
1092
1101
1112
1128
1089
1017
1024
1039
1040
1059
1063
1069
1078
1083
1086
1091
1101
1107
1123
1124
1125
1126
1130
1132
1021
1067
1070
1104
1073
1014
1015
1021
1036
1044
1060
1066
1067
1082
1100
1104
1035
1037
1051
1070
1037
1041
1052
1070
1072
1109
1131
1074
1075
1113
1114
1035
1109
1015
1018
1020
1032
1036
1066
1067
1099
1100
1102
1104
1108
1129
1021
1044
1100
1104
1120
1129
1024
1028
1059
1074
1076
1078
1092
1101
1117
1123
1124
1125
1126
1128
1130
1132
1032
1066
1099
1102
1021
1036
1044
1060
1067
1100
1104
1115
1129
1032
1066
1081
1099
1102
1104
1108
1036
1060
1067
1100
1104
1115
1120
1129
1086
1073
1028
1078
1083
1086
1101
1123
1125
1126
1130
1132
1080
1113
1028
1048
1075
1078
1092
1124
1126
1128
1056
1059
1074
1078
1084
1086
1043
1111
1098
1066
1067
1081
1086
1099
1102
1104
1108
1037
1070
1109
1067
1100
1104
1129
1052
1070
1072
1109
1040
1107
1063
1069
1078
1083
1107
1125
1132
1052
1070
1072
1109
1121
1131
1051
1052
1045
1111
1100
1104
1111
1076
1110
1124
1126
1049
1056
1074
1075
1110
1116
1124
1126
1054
1059
1075
1086
1110
1112
1116
1123
1128
1055
1064
1070
1070
1106
1109
1121
1062
1059
1075
1086
1092
1110
1128
1078
1110
1124
1077
1075
1076
1078
1079
1086
1107
1110
1112
1126
1128
1132
1067
1086
1100
1104
1069
1083
1101
1094
1080
1082
1099
1102
1108
1081
1082
1100
1104
1115
1086
1101
1109
1110
1121
1078
1084
1107
1116
1076
1086
1110
1112
1123
1128
1078
1079
1083
1086
1092
1124
1126
1132
1079
1083
1086
1092
1101
1107
1117
1124
1125
1126
1132
1086
1101
1107
1117
1126
1128
1132
1086
1095
1106
1113
1122
1099
1104
1120
1129
1086
1091
1101
1107
1125
1126
1130
1132
1088
1098
1091
1101
1112
1117
1123
1125
1126
1128
1130
1132
1098
1127
1131
1124
1126
1113
1118
1102
1108
1104
1129
1107
1125
1126
1132
1108
1115
1120
1129
1121
1131
1123
1124
1125
1126
1130
1132
1122
1120
1124
1125
1126
1132
1129
1125
1130
1132
1125
1126
1126
1132
1128
1132
1132
