0
0
0
0
0
0
0
0
0
0
0
0
0
0
0
0
0
0
0
0
0
0
0
0
0
0
0
0
0
0
0
0
0
0
0
0
0
0
0
0
0
0
0
0
0
0
0
0
0
0
0
0
0
0
0
0
0
0
0
0
0
0
0
0
0
0
0
0
0
0
0
0
0
0
0
0
0
0
0
0
0
0
0
0
0
0
0
0
0
0
0
0
0
0
0
0
0
0
0
0
0
0
0
0
0
0
0
0
0
0
0
0
0
0
0
0
0
0
0
0
0
0
0
0
0
0
0
0
0
0
0
0
0
0
0
0
0
18
18
18
18
18
18
18
18
18
18
18
18
18
18
18
18
18
18
18
18
18
18
18
18
18
18
18
18
18
18
18
18
18
18
18
18
18
18
18
18
18
18
18
18
18
18
18
18
18
18
18
18
18
18
18
18
18
18
18
18
18
18
18
18
18
18
18
18
18
18
18
18
18
18
18
18
18
18
18
18
18
18
18
18
18
18
18
18
18
18
18
18
18
18
18
18
18
18
18
18
18
18
18
18
18
18
18
18
18
18
18
18
18
18
18
18
18
18
18
18
18
18
18
18
18
18
18
18
18
18
18
18
18
18
18
18
18
18
18
18
18
18
18
18
18
18
18
18
18
18
18
18
18
18
18
18
18
18
18
18
18
18
18
18
18
18
18
18
18
18
18
18
18
18
18
18
18
18
18
18
18
18
18
18
18
18
18
18
18
18
18
18
18
18
18
18
18
18
18
18
18
18
18
18
18
18
18
18
18
18
18
18
18
18
18
18
18
18
18
18
18
18
18
18
18
18
18
18
18
18
18
18
18
18
18
18
18
18
18
18
18
18
18
18
18
18
18
18
18
18
18
18
18
18
18
18
18
18
18
18
18
18
18
18
18
18
18
18
18
18
18
18
18
18
18
18
18
18
18
18
18
18
18
18
18
18
18
18
18
18
18
18
18
18
18
18
18
18
18
18
18
18
18
18
18
18
18
18
18
18
18
18
18
18
18
18
18
18
18
18
18
18
18
18
18
18
18
18
18
18
18
18
18
18
18
18
18
18
18
18
18
18
18
18
18
18
18
18
18
18
18
18
18
18
18
18
18
18
18
18
18
18
18
18
18
18
18
18
18
18
18
18
18
18
18
18
18
18
18
18
18
18
18
18
18
18
18
18
18
18
18
18
18
18
18
18
18
18
18
18
18
18
18
18
18
18
18
18
18
18
18
18
18
18
18
18
18
18
18
18
18
18
18
18
18
18
18
18
18
18
18
18
18
18
18
18
18
18
18
18
18
18
18
18
18
18
18
18
18
18
18
18
18
18
18
18
18
18
18
18
18
18
18
18
18
18
18
18
18
18
18
18
18
18
18
18
18
18
18
18
18
18
18
18
18
18
18
18
18
18
18
18
18
18
18
18
18
18
18
18
18
18
18
18
18
18
18
18
18
18
18
18
18
18
18
18
18
18
18
18
18
18
18
18
18
18
18
18
18
18
18
18
18
18
18
18
18
18
18
18
18
18
18
18
18
18
18
18
18
18
18
18
18
18
18
18
18
18
18
18
18
18
18
18
18
18
18
18
18
18
18
18
18
18
18
18
18
18
18
18
18
18
18
18
18
18
18
18
18
18
18
18
18
18
18
18
18
18
18
18
18
18
18
18
18
18
18
18
18
18
18
18
18
18
18
18
18
18
18
18
18
18
18
18
18
18
18
18
18
18
18
18
18
18
18
18
18
18
18
18
18
18
18
18
18
18
18
18
18
18
18
18
18
18
18
18
18
18
18
18
18
18
18
18
18
18
18
18
18
18
18
18
18
18
18
18
18
18
18
18
18
18
18
18
18
18
18
18
18
18
18
18
18
18
18
18
18
18
18
18
18
18
18
18
18
18
18
18
18
18
18
18
18
18
18
18
18
18
18
18
18
18
18
18
18
18
18
18
18
18
18
18
18
18
18
18
18
18
18
18
18
18
18
18
18
18
18
18
18
18
18
18
18
18
18
18
18
18
18
18
18
18
18
18
18
18
18
18
18
18
18
18
18
18
18
18
18
18
18
18
18
18
18
18
18
18
18
18
18
18
18
18
18
18
18
18
18
18
18
18
18
18
18
18
18
18
18
18
18
18
18
18
18
18
18
18
18
18
18
18
18
18
18
18
18
18
18
18
18
18
18
18
18
18
18
18
18
18
18
18
18
18
18
18
18
18
18
18
18
18
18
18
18
18
18
18
18
18
18
18
18
18
18
18
18
18
18
18
18
18
18
18
18
18
18
18
18
18
18
18
18
18
18
18
18
18
18
18
18
18
18
18
18
18
18
18
18
18
18
18
18
18
18
18
18
18
18
18
18
18
18
18
18
18
18
18
18
18
18
18
18
18
18
18
18
18
18
18
18
18
18
18
18
18
18
18
18
18
18
18
18
18
18
18
18
18
18
18
18
18
18
18
18
18
18
18
18
18
18
18
18
18
18
18
18
18
18
18
18
18
18
18
18
18
18
18
18
18
18
18
18
18
18
18
18
18
18
18
18
18
18
18
18
18
18
18
18
18
18
18
18
18
18
18
18
18
18
18
18
18
18
18
18
18
18
18
18
18
18
18
18
18
18
18
18
18
18
18
18
18
18
18
18
18
18
18
18
18
18
18
18
18
18
18
18
18
18
18
18
18
18
18
18
18
18
18
18
18
18
18
18
18
18
18
18
18
18
18
18
18
18
18
18
18
18
18
18
18
18
18
18
18
18
18
18
18
18
18
18
18
18
18
18
18
18
18
18
18
18
18
18
18
18
18
18
18
18
18
18
18
18
18
18
18
18
18
18
18
18
18
18
18
18
18
18
18
18
18
18
18
18
18
18
18
18
18
18
18
18
18
18
18
18
18
18
18
18
18
18
18
18
18
18
18
18
18
18
18
18
18
18
18
18
18
18
18
18
18
18
18
18
18
18
18
18
18
18
18
18
18
18
18
18
18
18
18
18
18
18
18
18
18
18
18
18
18
18
18
18
18
18
18
18
18
18
18
18
18
18
18
18
18
18
18
18
18
18
18
18
18
18
18
18
18
18
18
18
18
18
18
18
18
18
18
18
18
18
18
18
18
18
18
18
18
18
18
18
18
18
18
18
18
18
18
18
18
18
18
18
18
18
18
18
18
18
18
18
18
18
18
18
18
18
18
18
18
18
18
18
18
18
18
18
18
18
18
18
18
18
18
18
18
18
18
18
18
18
18
18
18
18
18
18
18
18
18
18
18
18
18
18
18
18
18
18
18
18
18
18
18
18
18
18
18
18
18
18
18
18
38
38
38
38
38
38
38
38
38
38
38
38
38
38
38
38
38
38
38
38
38
38
38
38
38
38
38
38
38
38
38
38
38
38
38
38
38
38
38
38
38
38
38
38
38
38
38
38
38
38
38
38
38
38
38
38
38
38
38
38
38
38
38
38
38
38
38
38
38
38
38
38
38
38
38
38
38
38
38
38
38
38
38
38
38
38
38
38
38
38
38
38
38
38
38
38
38
38
38
38
38
38
38
38
38
38
38
38
38
38
38
38
68
68
68
68
68
68
68
68
68
68
68
68
68
68
68
68
68
68
68
68
68
68
68
68
68
68
68
68
68
68
68
68
68
68
68
68
68
68
68
68
68
68
68
68
68
68
68
68
68
68
68
68
68
68
68
68
68
68
68
68
68
68
68
68
68
68
68
68
68
68
68
68
68
68
68
68
68
68
68
68
68
68
68
68
68
68
68
68
68
68
68
68
68
68
68
68
68
68
68
68
68
68
68
68
68
68
68
68
68
68
68
68
68
68
68
68
68
68
68
68
68
68
68
68
68
68
68
68
68
68
68
68
68
68
68
68
68
68
68
68
68
86
86
86
86
86
86
86
86
86
86
86
86
86
86
86
86
86
86
86
86
86
86
86
86
86
86
86
86
86
86
86
86
86
86
86
86
86
86
86
86
86
86
86
86
86
86
86
86
86
86
86
86
86
86
86
86
86
86
86
86
86
86
86
86
86
86
86
86
86
86
86
86
86
86
86
86
86
86
86
86
86
86
86
86
86
86
86
86
86
86
86
86
86
86
86
86
86
86
86
86
86
86
86
86
86
86
86
86
86
86
86
86
86
86
86
86
86
86
86
86
86
86
86
86
86
86
86
86
86
86
86
86
86
86
86
86
86
86
86
86
86
86
86
86
86
86
86
86
86
86
86
86
86
86
86
86
86
86
86
86
86
86
86
86
86
86
86
86
86
86
86
86
86
86
86
86
86
86
86
86
86
86
86
86
86
86
86
86
86
86
86
86
86
86
235
241
247
248
259
309
356
363
384
388
389
399
400
440
460
465
467
501
501
504
520
524
526
532
536
536
583
594
607
663
671
717
720
746
791
812
828
828
829
835
835
860
875
893
895
899
905
922
929
931
978
994
1008
1009
1052
1052
1054
1054
1067
1114
1122
1129
1130
1133
1135
1136
1139
1182
1187
1194
1199
1248
1294
1347
1384
1386
1392
1416
1419
1425
1428
1481
1494
1500
1502
1539
1547
1551
1553
1559
1575
1581
1586
1617
1622
1652
1652
1655
1667
1670
1671
1671
1672
1672
1673
1674
1677
1680
1720
1730
1733
1736
1741
1745
1767
1770
1790
1795
1846
1853
1881
1925
1925
1929
1932
1974
1996
2012
2047
2047
2064
2111
2117
2160
2192
2227
2230
2239
2241
2243
2260
2281
2310
2327
2352
2360
2376
2427
2454
2460
2472
2502
2547
2553
2555
2561
2583
2630
2632
2652
2673
2724
2758
2765
2769
2802
2856
2856
2857
2883
2886
2924
2962
2967
2998
3027
3078
3083
3131
3133
3141
3187
3189
3229
3234
3238
3271
3273
3274
3288
3311
3358
3400
3401
3401
3407
3449
3487
3491
3523
3569
3572
3572
3604
3610
3632
3677
3681
3685
3722
3755
3808
3851
3873
3880
3904
3922
3929
3930
3985
4000
4026
4038
4052
4063
4077
4099
4144
4189
4190
4245
4266
4279
4285
4286
4294
4309
4333
4382
4395
4395
4419
4451
4459
4461
4463
4465
4471
4473
4490
4491
4496
4525
4566
4566
4568
4568
4585
4589
4594
4645
4649
4669
4669
4687
4688
4688
4708
4727
4730
4731
4754
4801
4802
4803
4828
4876
4899
4944
4955
4959
4960
4976
4976
4994
4995
5001
5032
5068
5118
5123
5142
5142
5142
5196
5202
5206
5209
5233
5239
5276
5305
5307
5316
5344
5348
5401
5401
5451
5456
5462
5485
5508
5511
5523
5525
5531
5582
5582
5587
5600
5658
5663
5676
5680
5711
5712
5719
5772
5793
5799
5809
5860
5862
5879
5903
5906
5909
5931
5932
5933
5974
5988
5989
5989
6028
6039
6048
6048
6084
6087
6090
6097
6098
6155
6167
6196
6196
6199
6240
6243
6257
6261
6309
6350
6352
6397
6418
6428
6430
6456
6486
6492
6506
6510
6525
6525
6551
6595
6596
6620
6630
6652
6659
6664
6669
6674
6714
6736
6739
6757
6758
6772
6773
6803
6838
6871
6920
6924
6933
6937
6949
6953
6965
6967
6974
6976
6996
7000
7001
7007
7051
7101
7112
7158
7177
7206
7236
7244
7294
7311
7336
7369
7374
7400
7403
7422
7464
7517
7517
7522
7533
7551
7562
7567
7629
7667
7672
7677
7693
7733
7759
7799
7805
7845
7847
7847
7880
7881
7887
7889
7927
7933
7937
7941
7952
7964
8017
8051
8055
8074
8074
8120
8122
8168
8184
8187
8196
8196
8241
8241
8245
8277
8283
8320
8328
8328
8334
8340
8354
8380
8384
8402
8445
8456
8463
8488
8501
8506
8511
8513
8517
8555
8556
8560
8581
8618
8658
8711
8715
8719
8722
8767
8773
8777
8787
8814
8836
8849
8849
8850
8888
8889
8895
8902
8905
8950
8968
9002
9004
9009
9049
9058
9061
9078
9078
9088
9092
9097
9098
9099
9104
9109
9121
9161
9164
9170
9179
9182
9200
9201
9202
9206
9207
9208
9208
9226
9231
9275
9295
9312
9335
9389
9400
9400
9429
9474
9506
9506
9531
9542
9554
9560
9570
9575
9601
9621
9626
9629
9630
9668
9670
9703
9735
9739
9740
9743
9762
9765
9783
9822
9822
9825
9859
9862
9864
9874
9895
9935
9946
9956
9957
9989
9989
10019
10059
10073
10091
10113
10129
10141
10142
10144
10146
10157
10157
10162
10165
10196
10223
10225
10227
10229
10232
10266
10267
10269
10275
10278
10282
10305
10315
10315
10316
10326
10337
10340
10364
10365
10365
10399
10441
10442
10442
10468
10471
10472
10497
10525
10551
10569
10592
10606
10618
10638
10640
10643
10666
10691
10709
10710
10725
10747
10748
10750
10759
10760
10760
10762
10765
10765
10783
10796
10812
10817
10819
10836
10847
10847
10848
10852
10854
10855
10857
10873
10873
10876
10881
10897
10905
10911
10923
10925
10925
10925
10929
10934
10935
10947
10957
10969
10971
10981
10981
10987
10995
10997
10998
11000
11007
11007
11008
11009
11015
11017
11017
11018
11022
11024
11024
11024
11026
11029
11031
11031
11031
11031
11031
11032
11032
11032
11032
11032
11032
11032
11032
11032
11032
11032
11032
11032
11032
11032
11032
11032
11032
11032
11032
11032
11032
11032
11032
11032
11032
11032
11032
11032
11032
11032
11032
11032
11032
11032
11032
11032
11032
11032
11032
11032
11032
11032
11032
11032
11032
11032
11032
11032
11032
11032
11032
11032
11032
11032
11032
11032
11032
11032
11032
11032
11032
11032
11032
11032
11032
11032
11032
11032
11032
11032
11032
11032
11032
11032
11032
11032
11032
11032
11032
11032
11032
11032
11032
11032
11032
11032
11032
11032
11032
11032
11032
11032
11032
11032
11032
11032
11032
11032
11032
11032
11032
11032
11032
11032
11032
11032
11032
11032
11032
11032
11032
11032
11032
11032
11032
11032
11032
11032
11032
11032
11032
11032
11032
11032
11032
11032
11032
11032
11032
11032
11032
11032
11032
11032
11032
11032
11032
11032
11032
11032
11032
11032
11032
11032
11032
11032
11032
11032
11032
11032
11032
11032
11032
11032
11032
11032
11032
11032
11032
11032
11032
11032
11032
11032
11032
11032
11032
11032
11032
11032
11032
11032
11032
11032
11032
11032
11032
11032
11032
11032
11032
11032
11032
11032
11032
11032
11032
11032
11032
11032
11032
11032
11032
11032
11032
11032
11032
11032
11032
11032
11032
11032
11032
11032
11032
11032
11032
11032
11032
11032
11032
11032
11032
11032
11032
11032
11032
11032
11032
11032
11032
11032
11032
11032
11032
11032
11032
11032
11032
11032
11032
11032
11032
11032
11032
11032
11032
11032
11032
11032
11032
11032
11032
11032
11032
11032
11032
11032
11032
11032
11032
11032
11032
11032
11032
11032
11032
11032
11032
11032
11032
11032
11032
11032
11032
11032
11032
11032
11032
11032
11032
11032
11032
11032
11032
11032
11032
11032
11032
11032
11032
11032
11032
11032
11032
11032
11032
11032
11032
11032
11032
11032
11032
11032
11032
11032
11032
11032
11032
11032
11032
11032
11032
11032
11032
11032
11032
11032
11032
11032
11032
11032
11032
11032
11032
11032
11032
11032
11032
11032
11032
11032
11032
11032
11032
11032
11032
11032
11032
11032
11032
11032
11032
11032
11032
11032
11032
11032
11032
11032
11032
11032
11032
11032
11032
11032
11032
11032
11032
11032
11032
11032
11032
11032
11032
11032
11032
11032
11032
11032
11032
11032
11032
11032
11032
11032
11032
11032
11032
11032
11032
11032
11032
11032
11032
11032
11032
11032
11032
11032
11032
11032
11032
11032
11032
11032
11032
11032
11032
11032
11032
11032
11032
11032
11032
11032
11032
11032
11032
11032
11032
11032
11032
11032
11032
11032
11032
11032
11032
11032
11032
11032
11032
11032
11032
11032
11032
11032
11032
11032
11032
11032
11032
11032
11032
11032
11032
11032
11032
11032
11032
11032
11032
11032
11032
11032
11032
11032
11032
11032
11032
11032
11032
11032
11032
11032
11032
11032
11032
11032
11032
11032
11032
11032
11032
11032
11032
11032
11032
11032
11032
11032
11032
11032
11032
11032
11032
11032
11032
11032
11032
11032
11032
11032
11032
11032
11032
11032
11032
11032
11032
11032
11032
11032
11032
11032
11032
11032
11032
11032
11032
11032
11032
11032
11032
11032
11032
11032
11032
11032
11032
11032
11032
11032
11032
11032
11032
11032
11032
11032
11032
11032
11032
11032
11032
11032
11032
11032
11032
11032
11032
11032
11032
11032
11032
11032
11032
11032
11032
11032
11032
11032
11032
11032
11032
11032
11032
11032
11032
11032
11032
11032
11032
11032
11032
11032
11032
11032
11032
11032
11032
11032
11032
11032
11032
11032
11032
11032
11032
11032
11032
11032
11032
11032
11032
11032
11032
11032
11032
11032
11032
11032
11032
11032
11032
11032
11032
11032
11032
11032
11032
11032
11032
11032
11032
11032
11032
11032
11032
11032
11032
11032
11032
11032
11032
11032
11032
11032
11032
11032
11032
11032
11032
11032
11032
11032
11032
11032
11032
11032
11032
11032
11032
11032
11032
11032
11032
11032
11032
11032
11032
11032
11032
11032
11032
11032
11032
11032
11032
11032
11032
11032
11032
11032
11032
11032
11032
11032
11032
11032
11032
11032
11032
11032
11032
11032
11032
11032
11032
11032
11032
11032
11032
11032
11032
11032
11032
11032
11032
11032
11032
11032
11032
11032
11032
11032
11032
11032
11032
11032
11032
11032
11032
11032
11032
11032
11032
11032
11032
11032
11032
11032
11032
11032
11032
11032
11032
11032
11032
11032
11032
11032
11032
11032
11032
11032
11032
11032
11032
11032
11032
11032
11032
11032
11032
11032
11032
11032
11032
11032
11032
11032
11032
11032
11032
11032
11032
11032
11032
11032
11032
11032
11032
11032
11032
11032
11032
11032
11032
11032
11032
11032
11032
11032
11032
11032
11032
11032
11032
11032
11032
11032
11032
11032
11032
11032
11032
11032
11032
11032
11032
11032
11032
11032
11032
11032
11032
11032
11032
11032
11032
11032
11032
11032
11032
11032
11032
11032
11032
11032
11032
11032
11032
11032
11032
11032
11032
11032
11032
11032
11032
11032
11032
11032
11032
11032
11032
11032
11032
11032
11032
11032
11032
11032
11032
11032
11032
11032
11032
11032
11032
11032
11032
11032
11032
11032
11032
11032
11032
11032
11032
11032
11032
11032
11032
11032
11032
11032
11032
11032
11032
11032
11032
11032
11032
11032
11032
11032
11032
11032
11032
11032
11032
11032
11032
11032
11032
11032
11032
11032
11032
11032
11032
11032
11032
11032
11032
11032
11032
11032
11032
11032
11032
11032
11032
11032
11032
11032
11032
11032
11032
11032
11032
11032
11032
11032
11032
11032
11032
11032
11032
11032
11032
11032
11032
11032
11032
11032
11032
11032
11032
11032
11032
11032
11032
11032
11032
11032
11032
11032
11032
11032
11032
11032
11032
11032
11032
11032
11032
11032
11032
11032
11032
11032
11032
11032
11032
11032
11032
11032
11032
11032
11032
11032
11032
11032
11032
11032
11032
11032
11032
11032
11032
11032
11032
11032
11032
11032
11032
11032
11032
11032
11032
11032
11032
11032
11032
11032
11032
11032
11032
11032
11032
11032
11032
11032
11032
11032
11032
11032
11032
11032
11032
11032
11032
11032
11032
11032
11032
11032
11032
11032
11032
11032
11032
11032
11032
11032
11032
11032
11032
11032
11032
11032
11032
11032
11032
11032
11032
11032
11032
11032
11032
11032
11032
11032
11032
11032
11032
11032
11032
11032
11032
11032
11032
11032
11032
11032
11032
11032
11032
11032
11032
11032
11032
11032
11032
11032
11032
11032
11032
11032
11032
11032
11032
11032
11032
11032
11032
11032
11032
11032
11032
11032
11032
11032
11032
11032
11032
11032
11032
11032
11032
11032
11032
11032
11032
11032
11032
11032
11032
11032
11032
11032
11032
11032
11032
11032
11032
11032
11032
11032
11032
11032
11032
11032
11032
11032
11032
11032
11032
11032
11032
11032
11032
11032
11032
11032
11032
11032
11032
11032
11032
11032
11032
11032
11032
11032
11032
11032
11032
11032
11032
11032
11032
11032
11032
11032
11032
11032
11032
11032
11032
11032
11032
11032
11032
11032
11032
11032
11032
11032
11032
11032
11032
11032
11032
11032
11032
11032
11032
11032
11032
11032
11032
11032
11032
11032
11032
11032
11032
11032
11032
11032
11032
11032
11032
11032
11032
11032
11032
11032
11032
11032
11032
11032
11032
11032
11032
11032
11032
11032
11032
11032
11032
11032
11032
11032
11032
11032
11032
11032
11032
11032
11032
11032
11032
11032
11032
11032
11032
11032
11032
11032
11032
11032
11032
11032
11032
11032
11032
11032
11032
11032
11032
11032
11032
11032
11032
11032
11032
11032
11032
11032
11032
11032
11032
11032
11032
11032
11032
11032
11032
11032
11032
11032
11032
11032
11032
11032
11032
11032
11032
11032
11032
11032
11032
11032
11032
11032
11032
11032
11032
11032
11032
11032
11032
11032
11032
11032
11032
11032
11032
11032
11032
11032
11032
11032
11032
11032
11032
11032
11032
11032
11032
11032
11032
11032
11032
11032
11032
11032
11032
11032
11032
11032
11032
11032
11032
11032
11032
11032
11032
11032
11032
11032
11032
11032
11032
11032
11032
11032
11032
11032
11032
11032
11032
11032
11032
11032
11032
11032
11032
11032
11032
11032
11032
11032
11032
11032
11032
11032
11032
11032
11032
11032
11032
11032
11032
11032
11032
11032
11032
11032
11032
11032
11032
11032
11032
11032
11032
11032
11032
11032
11032
11032
11032
11032
11032
11032
11032
11032
11032
11032
11032
11032
11032
11032
11032
11032
11032
11032
11032
11032
11032
11032
11032
11032
11032
11032
11032
11032
11032
11032
11032
11032
11032
11032
11032
11032
11032
11032
11032
11032
11032
11032
11032
11032
11032
11032
11032
11032
11032
11032
11032
11032
11032
11032
11032
11032
11032
11032
11032
11032
11032
11032
11032
11032
11032
11032
11032
11032
11032
11032
11032
11032
11032
11032
11032
11032
11032
11032
11032
11032
11032
11032
11032
11032
11032
11032
11032
11032
11032
11032
11032
11032
11032
11032
11032
11032
11032
11032
11032
11032
11032
11032
11032
11032
