0
0
0
0
0
0
0
0
0
0
0
0
0
0
0
0
0
0
0
0
0
0
0
0
0
0
0
0
0
0
0
0
0
0
0
0
0
0
0
0
0
0
0
0
0
0
0
0
0
0
0
0
0
0
0
0
0
0
0
0
0
0
0
0
0
0
0
0
0
0
0
0
0
0
0
0
0
0
0
0
0
0
0
0
0
0
0
0
0
0
0
0
0
0
0
0
0
0
0
0
0
0
0
0
0
0
0
0
468
468
468
468
468
468
468
468
468
468
468
468
468
468
468
468
468
468
468
468
468
468
468
468
468
468
468
468
468
468
468
468
468
468
468
468
468
468
468
468
468
468
468
468
468
468
468
468
468
468
468
468
468
468
468
468
468
468
468
468
468
468
468
468
474
474
474
474
474
474
474
474
474
474
474
474
474
474
474
474
474
474
474
474
474
474
474
474
474
474
474
474
474
474
474
474
474
474
474
474
474
474
474
474
474
474
474
474
474
474
474
474
474
474
474
474
474
474
474
474
474
474
474
474
474
474
474
474
474
474
474
474
474
474
474
474
474
474
474
474
474
474
474
474
474
474
474
474
474
474
474
474
474
474
474
474
474
474
474
474
474
474
474
474
474
474
474
474
474
474
474
474
474
474
474
474
474
474
474
474
474
474
474
474
474
474
474
474
474
474
474
474
474
474
474
474
474
474
474
474
474
474
474
474
474
474
474
474
474
474
474
474
474
474
474
474
474
474
474
474
474
474
474
474
474
474
474
474
474
474
474
474
474
474
474
474
474
474
474
474
474
474
474
474
474
474
491
491
491
491
491
491
491
491
491
491
510
510
510
530
530
530
530
530
530
530
530
530
530
539
539
539
539
539
539
539
539
539
539
539
539
539
553
553
553
553
553
553
553
553
553
553
553
553
553
553
553
553
553
553
553
553
553
553
553
553
553
553
553
553
553
553
553
555
555
555
555
555
555
555
555
572
572
572
572
572
572
572
572
572
572
572
572
572
572
572
572
572
572
572
572
572
572
572
572
572
572
572
572
572
572
572
572
572
572
572
572
572
572
572
572
572
572
572
572
572
572
572
588
588
588
588
588
588
588
588
650
677
677
677
677
677
677
677
677
677
677
677
677
677
677
677
677
677
677
677
677
677
677
677
677
677
677
677
677
677
677
677
677
677
690
690
690
690
690
690
690
690
690
722
722
722
722
722
722
722
722
722
722
722
722
738
738
738
738
738
738
738
738
738
738
738
738
738
738
738
738
738
738
738
738
738
738
738
738
738
742
742
742
751
751
751
751
751
751
751
751
751
751
751
751
751
751
771
771
771
771
771
771
771
771
771
771
771
771
771
771
771
771
782
782
782
782
782
784
784
784
784
784
808
808
808
808
808
808
808
808
808
808
808
808
808
808
808
808
808
808
808
808
808
808
808
810
810
810
810
810
810
810
810
847
847
847
847
871
871
871
871
871
871
871
871
871
871
889
889
889
889
889
889
889
889
889
889
889
889
889
889
889
889
889
889
889
889
889
889
889
889
889
889
889
889
889
889
889
889
889
889
889
889
889
889
889
889
889
889
889
889
889
889
889
889
889
889
889
889
889
889
889
889
889
889
889
889
889
889
889
889
889
889
889
889
889
889
889
889
889
889
889
889
889
889
889
889
889
889
889
889
889
889
889
889
889
889
889
889
889
889
889
889
889
889
889
889
889
889
889
889
889
889
889
889
889
889
889
889
889
889
889
889
889
889
889
889
889
889
889
889
889
889
889
889
889
889
889
889
889
889
889
889
889
889
889
889
889
889
889
889
889
889
889
889
889
889
889
889
889
889
889
889
889
889
889
889
889
889
889
889
889
889
889
889
889
889
889
889
889
889
889
889
889
889
889
889
889
889
889
889
889
889
889
889
889
889
889
889
889
889
889
889
889
889
889
889
889
889
889
889
889
889
889
889
889
889
889
889
889
889
889
889
889
889
889
889
889
889
889
889
889
889
889
889
889
889
889
889
889
889
889
889
889
889
889
889
889
889
889
889
889
947
982
996
998
1003
1019
1044
1060
1061
1069
1102
1106
1126
1130
1130
1130
1133
1151
1157
1170
1238
1296
1296
1304
1312
1363
1374
1379
1403
1473
1480
1515
1519
1521
1541
1545
1574
1581
1618
1620
1631
1633
1647
1658
1669
1688
1714
1723
1738
1739
1813
1861
1877
1888
1895
1904
1940
1991
2010
2013
2019
2057
2069
2095
2138
2143
2155
2170
2180
2187
2237
2287
2302
2311
2317
2331
2338
2348
2352
2382
2387
2399
2446
2452
2504
2529
2559
2584
2600
2601
2608
2611
2637
2649
2653
2662
2674
2742
2760
2803
2804
2851
2855
2886
2890
2910
2911
2949
3003
3009
3068
3075
3078
3101
3117
3130
3139
3143
3189
3206
3211
3274
3298
3327
3351
3382
3382
3383
3422
3434
3469
3469
3498
3536
3541
3542
3577
3584
3585
3600
3633
3650
3652
3664
3691
3712
3718
3721
3735
3741
3743
3769
3821
3858
3864
3890
3920
3923
3941
3949
3978
3979
3982
4054
4079
4085
4095
4103
4117
4117
4148
4185
4207
4213
4252
4254
4265
4268
4298
4329
4391
4397
4480
4530
4550
4557
4592
4638
4644
4666
4753
4756
4762
4768
4773
4780
4797
4801
4808
4817
4817
4834
4848
4871
4902
4957
4979
4980
5027
5028
5041
5107
5123
5140
5166
5168
5185
5199
5215
5234
5245
5308
5324
5324
5349
5361
5376
5406
5464
5519
5607
5615
5658
5688
5717
5733
5801
5804
5806
5839
5855
5868
5874
5885
5890
5898
5909
5915
5927
5927
5993
5995
6027
6061
6066
6070
6078
6140
6145
6157
6198
6201
6231
6267
6303
6310
6311
6347
6357
6369
6393
6409
6410
6415
6427
6435
6481
6531
6538
6594
6595
6600
6603
6616
6635
6669
6697
6711
6770
6827
6833
6841
6858
6875
6897
6941
6979
6982
6984
7001
7008
7011
7043
7126
7129
7154
7157
7162
7204
7241
7241
7266
7266
7291
7307
7370
7382
7387
7423
7437
7451
7472
7476
7495
7501
7530
7580
7586
7586
7597
7611
7644
7651
7670
7716
7744
7753
7753
7759
7796
7812
7831
7884
7885
7887
7894
7925
7953
7956
7970
7981
7988
7989
7993
8034
8038
8039
8039
8040
8086
8129
8148
8165
8180
8191
8213
8213
8214
8215
8227
8232
8268
8271
8311
8311
8338
8369
8386
8395
8412
8412
8452
8460
8477
8496
8507
8528
8541
8563
8577
8582
8601
8626
8644
8671
8704
8723
8737
8741
8741
8749
8752
8774
8785
8794
8796
8821
8830
8837
8867
8875
8886
8890
8901
8907
8916
8939
8947
8952
8963
8969
8975
8984
8993
9006
9012
9039
9059
9065
9070
9070
9085
9090
9124
9156
9192
9200
9208
9239
9276
9290
9303
9317
9342
9358
9390
9392
9404
9423
9450
9451
9470
9479
9487
9495
9507
9557
9558
9559
9567
9574
9580
9595
9615
9626
9659
9660
9665
9668
9677
9693
9723
9723
9737
9762
9770
9771
9787
9792
9802
9837
9876
9882
9896
9916
9921
9927
9928
9929
9934
9934
9936
9953
9963
9999
10031
10039
10048
10048
10048
10055
10058
10068
10099
10102
10103
10113
10114
10125
10131
10133
10137
10141
10163
10168
10174
10178
10192
10193
10199
10220
10220
10224
10227
10254
10258
10259
10272
10273
10277
10289
10302
10306
10313
10313
10351
10359
10362
10368
10379
10383
10386
10392
10395
10399
10402
10403
10405
10410
10411
10415
10436
10445
10458
10461
10465
10471
10473
10477
10479
10497
10504
10508
10523
10532
10533
10543
10543
10545
10547
10547
10564
10568
10575
10585
10607
10618
10626
10626
10632
10633
10635
10637
10646
10653
10656
10662
10673
10673
10678
10678
10683
10694
10699
10699
10713
10714
10716
10721
10728
10737
10739
10741
10744
10747
10748
10754
10754
10758
10763
10764
10765
10765
10778
10778
10781
10782
10787
10788
10792
10807
10808
10810
10816
10829
10829
10844
10850
10854
10859
10861
10861
10865
10867
10875
10876
10877
10879
10880
10885
10886
10887
10893
10898
10904
10904
10907
10908
10910
10911
10911
10918
10919
10921
10927
10935
10935
10938
10946
10951
10951
10957
10957
10966
10966
10966
10966
10970
10971
10971
10972
10974
10974
10975
10980
10984
10985
10993
10993
10993
10998
10998
10999
10999
11001
11001
11001
11006
11012
11013
11013
11015
11016
11019
11019
11021
11021
11021
11021
11021
11021
11022
11023
11023
11023
11023
11023
11023
11023
11023
11023
11023
11023
11023
11023
11023
11023
11023
11023
11023
11023
11023
11023
11023
11023
11023
11023
11023
11023
11023
11023
11023
11023
11023
11023
11023
11023
11023
11023
11023
11023
11023
11023
11023
11023
11023
11023
11023
11023
11023
11023
11023
11023
11023
11023
11023
11023
11023
11023
11023
11023
11023
11023
11023
11023
11023
11023
11023
11023
11023
11023
11023
11023
11023
11023
11023
11023
11023
11023
11023
11023
11023
11023
11023
11023
11023
11023
11023
11023
11023
11023
11023
11023
11023
11023
11023
11023
11023
11023
11023
11023
11023
11023
11023
11023
11023
11023
11023
11023
11023
11023
11023
11023
11023
11023
11023
11023
11023
11023
11023
11023
11023
11023
11023
11023
11023
11023
11023
11023
11023
11023
11023
11023
11023
11023
11023
11023
11023
11023
11023
11023
11023
11023
11023
11023
11023
11023
11023
11023
11023
11023
11023
11023
11023
11023
11023
11023
11023
11023
11023
11023
11023
11023
11023
11023
11023
11023
11023
11023
11023
11023
11023
11023
11023
11023
11023
11023
11023
11023
11023
11023
11023
11023
11023
11023
11023
11023
11023
11023
11023
11023
11023
11023
11023
11023
11023
11023
11023
11023
11023
11023
11023
11023
11023
11023
11023
11023
11023
11023
11023
11023
11023
11023
11023
11023
11023
11023
11023
11023
11023
11023
11023
11023
11023
11023
11023
11023
11023
11023
11023
11023
11023
11023
11023
11023
11023
11023
11023
11023
11023
11023
11023
11023
11023
11023
11023
11023
11023
11023
11023
11023
11023
11023
11023
11023
11023
11023
11023
11023
11023
11023
11023
11023
11023
11023
11023
11023
11023
11023
11023
11023
11023
11023
11023
11023
11023
11023
11023
11023
11023
11023
11023
11023
11023
11023
11023
11023
11023
11023
11023
11023
11023
11023
11023
11023
11023
11023
11023
11023
11023
11023
11023
11023
11023
11023
11023
11023
11023
11023
11023
11023
11023
11023
11023
11023
11023
11023
11023
11023
11023
11023
11023
11023
11023
11023
11023
11023
11023
11023
11023
11023
11023
11023
11023
11023
11023
11023
11023
11023
11023
11023
11023
11023
11023
11023
11023
11023
11023
11023
11023
11023
11023
11023
11023
11023
11023
11023
11023
11023
11023
11023
11023
11023
11023
11023
11023
11023
11023
11023
11023
11023
11023
11023
11023
11023
11023
11023
11023
11023
11023
11023
11023
11023
11023
11023
11023
11023
11023
11023
11023
11023
11023
11023
11023
11023
11023
11023
11023
11023
11023
11023
11023
11023
11023
11023
11023
11023
11023
11023
11023
11023
11023
11023
11023
11023
11023
11023
11023
11023
11023
11023
11023
11023
11023
11023
11023
11023
11023
11023
11023
11023
11023
11023
11023
11023
11023
11023
11023
11023
11023
11023
11023
11023
11023
11023
11023
11023
11023
11023
11023
11023
11023
11023
11023
11023
11023
11023
11023
11023
11023
11023
11023
11023
11023
11023
11023
11023
11023
11023
11023
11023
11023
11023
11023
11023
11023
11023
11023
11023
11023
11023
11023
11023
11023
11023
11023
11023
11023
11023
11023
11023
11023
11023
11023
11023
11023
11023
11023
11023
11023
11023
11023
11023
11023
11023
11023
11023
11023
11023
11023
11023
11023
11023
11023
11023
11023
11023
11023
11023
11023
11023
11023
11023
11023
11023
11023
11023
11023
11023
11023
11023
11023
11023
11023
11023
11023
11023
11023
11023
11023
11023
11023
11023
11023
11023
11023
11023
11023
11023
11023
11023
11023
11023
11023
11023
11023
11023
11023
11023
11023
11023
11023
11023
11023
11023
11023
11023
11023
11023
11023
11023
11023
11023
11023
11023
11023
11023
11023
11023
11023
11023
11023
11023
11023
11023
11023
11023
11023
11023
11023
11023
11023
11023
11023
11023
11023
11023
11023
11023
11023
11023
11023
11023
11023
11023
11023
11023
11023
11023
11023
11023
11023
11023
11023
11023
11023
11023
11023
11023
11023
11023
11023
11023
11023
11023
11023
11023
11023
11023
11023
11023
11023
11023
11023
11023
11023
11023
11023
11023
11023
11023
11023
11023
11023
11023
11023
11023
11023
11023
11023
11023
11023
11023
11023
11023
11023
11023
11023
11023
11023
11023
11023
11023
11023
11023
11023
11023
11023
11023
11023
11023
11023
11023
11023
11023
11023
11023
11023
11023
11023
11023
11023
11023
11023
11023
11023
11023
11023
11023
11023
11023
11023
11023
11023
11023
11023
11023
11023
11023
11023
11023
11023
11023
11023
11023
11023
11023
11023
11023
11023
11023
11023
11023
11023
11023
11023
11023
11023
11023
11023
11023
11023
11023
11023
11023
11023
11023
11023
11023
11023
11023
11023
11023
11023
11023
11023
11023
11023
11023
11023
11023
11023
11023
11023
11023
11023
11023
11023
11023
11023
11023
11023
11023
11023
11023
11023
11023
11023
11023
11023
11023
11023
11023
11023
11023
11023
11023
11023
11023
11023
11023
11023
11023
11023
11023
11023
11023
11023
11023
11023
11023
11023
11023
11023
11023
11023
11023
11023
11023
11023
11023
11023
11023
11023
11023
11023
11023
11023
11023
11023
11023
11023
11023
11023
11023
11023
11023
11023
11023
11023
11023
11023
11023
11023
11023
11023
11023
11023
11023
11023
11023
11023
11023
11023
11023
11023
11023
11023
11023
11023
11023
11023
11023
11023
11023
11023
11023
11023
11023
11023
11023
11023
11023
11023
11023
11023
11023
11023
11023
11023
11023
11023
11023
11023
11023
11023
11023
11023
11023
11023
11023
11023
11023
11023
11023
11023
11023
11023
11023
11023
11023
11023
11023
11023
11023
11023
11023
11023
11023
11023
11023
11023
11023
11023
11023
11023
11023
11023
11023
11023
11023
11023
11023
11023
11023
11023
11023
11023
11023
11023
11023
11023
11023
11023
11023
11023
11023
11023
11023
11023
11023
11023
11023
11023
11023
11023
11023
11023
11023
11023
11023
11023
11023
11023
11023
11023
11023
11023
11023
11023
11023
11023
11023
11023
11023
11023
11023
11023
11023
11023
11023
11023
11023
11023
11023
11023
11023
11023
11023
11023
11023
11023
11023
11023
11023
11023
11023
11023
11023
11023
11023
11023
11023
11023
11023
11023
11023
11023
11023
11023
11023
11023
11023
11023
11023
11023
11023
11023
11023
11023
11023
11023
11023
11023
11023
11023
11023
11023
11023
11023
11023
11023
11023
11023
11023
11023
11023
11023
11023
11023
11023
11023
11023
11023
11023
11023
11023
11023
11023
11023
11023
11023
11023
11023
11023
11023
11023
11023
11023
11023
11023
11023
11023
11023
11023
11023
11023
11023
11023
11023
11023
11023
11023
11023
11023
11023
11023
11023
11023
11023
11023
11023
11023
11023
11023
11023
11023
11023
11023
11023
11023
11023
11023
11023
11023
11023
11023
11023
11023
11023
11023
11023
11023
11023
11023
11023
11023
11023
11023
11023
11023
11023
11023
11023
11023
11023
11023
11023
11023
11023
11023
11023
11023
11023
11023
11023
11023
11023
11023
11023
11023
11023
11023
11023
11023
11023
11023
11023
11023
11023
11023
11023
11023
11023
11023
11023
11023
11023
11023
11023
11023
11023
11023
11023
11023
11023
11023
11023
11023
11023
11023
11023
11023
11023
11023
11023
11023
11023
11023
11023
11023
11023
11023
11023
11023
11023
11023
11023
11023
11023
11023
11023
11023
11023
11023
11023
11023
11023
11023
11023
11023
11023
11023
11023
11023
11023
11023
11023
11023
11023
11023
11023
11023
11023
11023
11023
11023
11023
11023
11023
11023
11023
11023
11023
11023
11023
11023
11023
11023
11023
11023
11023
11023
11023
11023
11023
11023
11023
11023
11023
11023
11023
11023
11023
11023
11023
11023
11023
11023
11023
11023
11023
11023
11023
11023
11023
11023
11023
11023
11023
11023
11023
11023
11023
11023
11023
11023
11023
11023
11023
11023
11023
11023
11023
11023
11023
11023
11023
11023
11023
11023
11023
11023
11023
11023
11023
11023
11023
11023
11023
11023
11023
11023
11023
11023
11023
11023
11023
11023
11023
11023
11023
11023
11023
11023
11023
11023
11023
11023
11023
11023
11023
11023
11023
11023
11023
11023
11023
11023
11023
11023
11023
11023
11023
11023
11023
11023
11023
11023
11023
11023
11023
11023
11023
11023
11023
11023
11023
11023
11023
11023
11023
11023
11023
11023
11023
11023
11023
11023
11023
11023
11023
11023
11023
11023
11023
11023
11023
11023
11023
11023
11023
11023
11023
11023
11023
11023
11023
11023
11023
11023
11023
11023
11023
11023
11023
11023
11023
11023
11023
11023
11023
11023
11023
11023
11023
11023
11023
11023
11023
11023
11023
11023
11023
11023
11023
11023
11023
11023
11023
11023
11023
11023
11023
11023
11023
11023
11023
11023
11023
11023
11023
11023
11023
11023
11023
11023
11023
11023
11023
11023
11023
11023
11023
11023
11023
11023
11023
11023
11023
11023
11023
11023
11023
11023
11023
11023
11023
11023
11023
11023
11023
11023
11023
11023
11023
11023
11023
11023
11023
11023
11023
11023
11023
11023
11023
11023
11023
11023
11023
11023
11023
11023
11023
11023
11023
11023
11023
11023
11023
11023
11023
11023
11023
11023
11023
11023
11023
11023
11023
11023
11023
11023
11023
11023
11023
11023
11023
11023
11023
11023
11023
11023
11023
11023
11023
11023
11023
11023
11023
11023
11023
11023
11023
11023
11023
11023
11023
11023
11023
11023
11023
11023
11023
11023
11023
11023
11023
11023
11023
11023
11023
11023
11023
11023
11023
11023
11023
11023
11023
11023
11023
11023
11023
11023
11023
11023
11023
11023
11023
11023
11023
11023
11023
11023
11023
11023
11023
11023
11023
11023
11023
11023
11023
11023
11023
11023
11023
11023
11023
11023
11023
11023
11023
11023
11023
11023
11023
11023
11023
11023
11023
11023
11023
11023
11023
11023
11023
11023
11023
11023
11023
11023
11023
11023
11023
11023
11023
11023
11023
11023
11023
11023
11023
11023
11023
11023
11023
11023
11023
11023
11023
11023
11023
11023
11023
11023
11023
11023
11023
11023
11023
11023
11023
11023
11023
11023
11023
11023
11023
11023
11023
11023
11023
11023
11023
11023
11023
11023
11023
11023
11023
11023
11023
11023
11023
11023
11023
11023
11023
11023
11023
11023
11023
11023
11023
11023
11023
11023
11023
11023
11023
11023
11023
11023
11023
11023
11023
11023
11023
11023
11023
11023
11023
11023
11023
11023
11023
11023
11023
11023
11023
11023
11023
11023
11023
11023
11023
11023
11023
11023
11023
11023
11023
11023
11023
11023
11023
11023
11023
11023
11023
11023
11023
11023
11023
11023
11023
11023
11023
11023
11023
11023
11023
11023
11023
11023
11023
11023
11023
11023
11023
11023
11023
11023
11023
11023
11023
11023
11023
11023
11023
11023
11023
11023
11023
11023
11023
11023
11023
11023
11023
11023
11023
11023
11023
11023
11023
11023
11023
11023
11023
11023
11023
11023
11023
11023
11023
11023
11023
11023
11023
11023
11023
11023
11023
11023
11023
11023
11023
11023
11023
11023
11023
11023
11023
11023
11023
11023
11023
11023
11023
11023
11023
11023
11023
11023
11023
11023
11023
11023
11023
11023
11023
11023
11023
11023
11023
11023
11023
11023
11023
11023
11023
11023
11023
11023
11023
11023
11023
11023
11023
11023
11023
11023
11023
11023
11023
11023
11023
11023
11023
11023
11023
11023
11023
11023
11023
11023
11023
11023
11023
11023
11023
11023
11023
11023
11023
11023
11023
11023
11023
11023
11023
11023
11023
11023
11023
11023
11023
11023
11023
11023
11023
11023
11023
11023
11023
11023
11023
11023
11023
11023
11023
11023
11023
11023
11023
11023
11023
11023
11023
11023
11023
11023
11023
11023
11023
11023
11023
11023
11023
11023
11023
11023
11023
11023
11023
11023
11023
11023
11023
11023
11023
11023
11023
11023
11023
11023
11023
11023
11023
11023
11023
11023
11023
11023
11023
11023
11023
11023
11023
11023
11023
11023
11023
11023
11023
11023
11023
11023
11023
11023
11023
11023
11023
11023
11023
11023
11023
11023
11023
11023
11023
11023
11023
11023
11023
11023
11023
11023
11023
11023
11023
11023
11023
11023
11023
11023
11023
11023
11023
11023
11023
11023
11023
11023
11023
11023
11023
11023
11023
11023
11023
11023
11023
11023
11023
11023
11023
11023
11023
11023
11023
11023
11023
11023
11023
11023
11023
11023
11023
11023
11023
11023
11023
11023
11023
11023
11023
11023
11023
11023
11023
11023
11023
11023
11023
11023
11023
11023
11023
11023
11023
11023
11023
11023
11023
11023
11023
11023
11023
11023
11023
11023
11023
11023
11023
11023
11023
11023
11023
11023
11023
11023
11023
11023
11023
11023
11023
11023
11023
11023
11023
11023
11023
11023
11023
11023
11023
11023
11023
11023
11023
11023
11023
11023
11023
11023
11023
11023
11023
11023
11023
11023
11023
11023
11023
11023
11023
11023
11023
11023
11023
11023
11023
11023
11023
11023
11023
11023
11023
11023
11023
11023
11023
11023
11023
11023
11023
11023
11023
11023
11023
11023
11023
11023
11023
11023
11023
11023
11023
11023
11023
11023
11023
11023
11023
11023
11023
11023
11023
11023
11023
11023
11023
11023
11023
11023
11023
11023
11023
11023
11023
11023
11023
11023
11023
11023
11023
11023
11023
11023
11023
11023
11023
11023
11023
11023
11023
11023
11023
11023
11023
11023
11023
11023
11023
11023
11023
11023
11023
11023
11023
11023
11023
11023
11023
11023
11023
11023
11023
11023
11023
11023
11023
11023
11023
11023
11023
11023
11023
11023
11023
11023
11023
11023
11023
11023
11023
11023
11023
11023
11023
11023
11023
11023
11023
11023
11023
11023
11023
11023
11023
11023
11023
11023
11023
11023
11023
11023
11023
11023
11023
11023
11023
11023
11023
11023
11023
11023
11023
11023
11023
11023
11023
11023
11023
11023
11023
11023
11023
11023
11023
11023
11023
11023
11023
11023
11023
11023
11023
11023
11023
11023
11023
11023
11023
11023
11023
11023
11023
11023
11023
11023
11023
11023
11023
11023
11023
11023
11023
11023
11023
11023
11023
11023
11023
11023
11023
11023
11023
11023
11023
11023
11023
11023
11023
11023
11023
11023
11023
11023
11023
11023
11023
11023
11023
11023
11023
11023
11023
11023
11023
11023
11023
11023
11023
11023
11023
11023
11023
11023
11023
11023
11023
11023
11023
11023
11023
11023
11023
11023
11023
11023
11023
11023
11023
11023
11023
11023
11023
11023
11023
11023
11023
11023
11023
11023
11023
11023
11023
11023
11023
11023
11023
11023
11023
11023
11023
11023
11023
11023
11023
11023
11023
11023
11023
11023
11023
11023
11023
11023
11023
11023
11023
11023
11023
11023
11023
11023
11023
11023
11023
11023
11023
11023
11023
11023
11023
11023
11023
11023
11023
11023
11023
11023
11023
11023
11023
11023
11023
11023
11023
11023
11023
11023
11023
11023
11023
11023
11023
11023
11023
11023
11023
11023
11023
11023
11023
11023
11023
11023
11023
11023
11023
11023
11023
11023
11023
11023
11023
11023
11023
11023
11023
11023
11023
11023
11023
11023
11023
11023
11023
11023
11023
11023
11023
11023
11023
11023
11023
11023
11023
11023
11023
11023
11023
11023
11023
11023
11023
11023
11023
11023
11023
11023
11023
11023
11023
11023
11023
11023
11023
11023
11023
11023
11023
11023
11023
11023
11023
11023
11023
11023
11023
11023
11023
11023
11023
11023
11023
11023
11023
11023
11023
11023
11023
11023
11023
11023
11023
11023
11023
11023
11023
11023
11023
11023
11023
11023
11023
11023
11023
11023
11023
11023
11023
11023
11023
11023
11023
11023
11023
11023
11023
11023
11023
11023
11023
11023
11023
11023
11023
11023
11023
11023
11023
11023
11023
11023
11023
11023
