0
0
0
0
0
0
0
0
0
0
0
0
0
0
0
0
0
0
0
0
0
0
0
0
0
0
0
0
0
0
0
0
0
0
0
0
0
0
0
0
0
0
0
0
0
0
0
0
0
0
0
0
0
0
0
0
0
0
0
1
1
1
1
1
1
1
1
1
1
1
1
1
1
1
1
1
1
1
1
1
1
1
1
1
1
1
1
1
1
1
1
1
1
1
1
1
1
1
1
1
1
1
1
1
1
1
1
1
81
81
81
81
81
81
81
81
81
81
81
81
81
81
81
81
81
81
81
81
81
81
81
81
81
81
81
81
81
136
136
136
136
136
136
136
136
136
136
136
136
136
136
136
136
136
136
136
136
136
136
136
136
136
136
136
136
136
136
136
136
136
136
136
136
136
136
136
136
136
136
136
136
136
136
136
136
136
136
136
136
136
136
136
136
136
136
136
136
136
136
136
136
136
136
136
136
136
136
136
136
136
136
136
136
136
136
136
136
136
136
136
136
136
136
136
136
136
136
136
136
136
136
136
136
136
136
136
136
136
136
136
136
136
136
136
136
136
136
136
136
136
136
136
136
136
136
136
136
136
136
136
136
136
136
136
136
136
136
136
136
136
136
136
136
136
136
136
136
136
136
136
136
136
136
136
136
136
136
136
136
136
136
136
136
136
136
136
136
136
136
136
136
136
136
136
136
136
136
136
136
136
136
136
136
136
136
136
136
136
136
136
136
136
136
136
136
136
136
136
136
136
136
136
136
136
136
136
136
136
136
136
136
136
136
136
136
136
136
136
136
136
136
136
136
136
141
141
141
141
141
141
141
141
141
141
142
142
142
145
145
145
145
145
145
145
145
145
145
146
146
146
146
146
146
146
146
146
146
146
146
146
146
146
146
146
146
146
146
146
146
146
146
146
146
146
146
146
146
146
146
146
146
146
146
146
146
146
146
146
146
146
146
146
146
146
146
146
146
146
146
147
147
147
147
147
147
147
147
147
147
147
147
147
147
147
147
147
147
147
147
147
147
147
147
147
147
147
147
147
147
147
147
147
147
147
147
147
147
147
147
147
147
147
147
147
147
147
149
149
149
149
149
149
149
149
162
165
165
165
165
165
165
165
165
165
165
165
165
165
165
165
165
165
165
165
165
165
165
165
165
165
165
165
165
165
165
165
165
165
166
166
166
166
166
166
166
166
166
169
169
169
169
169
169
169
169
169
169
169
169
171
171
171
171
171
171
171
171
171
171
171
171
171
171
171
171
171
171
171
171
171
171
171
171
171
173
173
173
174
174
174
174
174
174
174
174
174
174
174
174
174
174
180
180
180
180
180
180
180
180
180
180
180
180
180
180
180
180
182
182
182
182
182
182
182
182
182
182
185
185
185
185
185
185
185
185
185
185
185
185
185
185
185
185
185
185
185
185
185
185
185
187
187
187
187
187
187
187
187
192
192
192
192
195
195
195
195
195
195
195
195
195
195
196
196
196
196
196
196
196
196
196
196
196
196
196
196
196
196
196
196
196
196
196
196
196
196
196
196
196
196
196
196
196
196
196
196
196
196
196
196
196
196
196
196
196
196
196
196
196
196
196
196
196
196
196
196
196
196
196
196
196
196
196
196
196
196
196
196
196
196
196
196
196
196
196
196
196
196
196
196
196
196
196
196
196
196
196
196
196
196
196
196
196
196
196
196
196
196
196
196
196
196
196
196
196
196
196
196
196
196
196
196
196
196
196
196
196
196
196
196
196
196
196
196
196
196
196
196
196
196
196
196
196
196
196
196
196
196
196
196
196
196
196
196
196
196
196
196
196
196
196
196
196
196
196
196
196
196
196
196
196
196
196
196
196
196
196
196
196
196
196
196
196
196
196
196
196
196
196
196
196
196
196
196
196
196
196
196
196
196
196
196
196
196
196
196
196
196
196
196
196
196
196
196
196
196
196
196
196
196
196
196
196
196
196
196
196
196
196
196
196
196
196
196
196
196
196
196
196
196
196
196
196
196
196
196
196
196
196
196
196
196
196
196
196
196
196
208
214
217
217
217
221
225
229
229
229
234
235
236
237
237
237
237
242
245
248
258
266
266
267
268
275
280
280
282
294
295
299
299
300
305
306
311
313
317
317
319
319
322
323
325
331
337
337
338
338
350
358
362
362
362
363
367
374
376
376
377
381
384
387
394
395
397
400
402
402
413
420
421
423
425
427
429
431
431
438
440
440
450
451
462
466
473
483
486
487
487
487
490
493
493
494
497
510
510
512
513
520
520
526
527
528
529
535
544
544
558
558
559
566
566
567
571
571
580
584
585
597
602
607
611
617
617
618
628
632
638
639
644
651
651
651
657
658
658
658
664
667
668
673
681
684
685
687
689
689
689
696
700
705
706
707
712
713
714
715
720
720
720
731
735
735
737
739
741
741
747
753
759
761
765
765
767
769
777
784
794
798
815
822
829
831
836
844
844
846
862
863
864
864
864
867
872
872
873
874
874
878
878
883
890
904
908
909
920
921
921
934
937
939
945
945
948
953
954
958
961
973
977
977
982
983
986
996
1011
1022
1037
1038
1045
1050
1057
1057
1068
1068
1068
1074
1075
1078
1080
1084
1084
1084
1087
1087
1087
1087
1098
1099
1104
1111
1115
1115
1115
1127
1127
1130
1138
1139
1146
1147
1155
1159
1160
1169
1169
1170
1174
1175
1175
1176
1180
1182
1190
1199
1199
1211
1211
1213
1214
1215
1219
1226
1229
1230
1241
1250
1252
1253
1254
1255
1257
1268
1277
1278
1278
1283
1286
1287
1291
1305
1305
1310
1311
1312
1323
1334
1334
1342
1342
1346
1347
1361
1363
1365
1379
1383
1386
1390
1391
1397
1397
1406
1420
1420
1420
1421
1422
1430
1430
1433
1446
1448
1451
1451
1452
1463
1465
1468
1482
1483
1483
1485
1492
1501
1501
1503
1507
1510
1510
1510
1519
1519
1519
1519
1519
1525
1538
1543
1543
1545
1546
1554
1555
1555
1555
1557
1558
1567
1569
1577
1577
1585
1593
1597
1599
1603
1603
1617
1618
1620
1628
1633
1636
1641
1646
1654
1656
1662
1672
1679
1685
1692
1697
1699
1700
1700
1700
1700
1708
1709
1709
1709
1715
1718
1720
1730
1730
1731
1731
1736
1737
1737
1744
1746
1749
1755
1757
1758
1763
1766
1769
1774
1783
1790
1796
1797
1797
1802
1802
1813
1823
1835
1841
1844
1850
1858
1862
1868
1871
1877
1882
1892
1893
1896
1900
1911
1911
1916
1918
1921
1924
1932
1950
1950
1950
1951
1953
1954
1958
1965
1967
1984
1984
1986
1987
1989
1990
2001
2001
2006
2017
2020
2021
2027
2028
2032
2044
2062
2066
2071
2077
2079
2082
2083
2083
2084
2084
2084
2093
2096
2109
2122
2126
2132
2132
2133
2137
2139
2144
2156
2156
2159
2165
2166
2168
2173
2176
2177
2182
2192
2193
2194
2194
2197
2199
2200
2207
2208
2209
2214
2225
2226
2226
2234
2239
2240
2247
2253
2254
2256
2256
2274
2281
2282
2284
2288
2289
2298
2300
2301
2309
2310
2310
2311
2312
2312
2313
2325
2328
2338
2338
2340
2343
2345
2349
2349
2360
2366
2370
2382
2385
2385
2394
2396
2399
2443
2443
2452
2456
2462
2467
2481
2486
2487
2488
2492
2492
2493
2494
2505
2515
2516
2520
2529
2532
2537
2537
2543
2553
2555
2555
2563
2563
2566
2566
2570
2572
2575
2575
2576
2576
2579
2585
2587
2590
2590
2590
2592
2596
2606
2606
2607
2608
2614
2618
2623
2631
2633
2634
2639
2647
2649
2662
2669
2671
2673
2676
2678
2681
2682
2690
2691
2695
2698
2698
2704
2708
2709
2713
2718
2724
2726
2733
2737
2738
2741
2742
2753
2757
2758
2760
2777
2778
2781
2793
2795
2797
2807
2808
2822
2822
2825
2828
2836
2838
2842
2843
2845
2848
2851
2859
2866
2867
2874
2876
2878
2883
2956
2959
2959
2969
2969
2973
2983
2998
3000
3000
3003
3005
3019
3028
3038
3040
3041
3045
3048
3057
3064
3078
3079
3086
3089
3090
3099
3113
3120
3124
3125
3132
3139
3152
3160
3172
3183
3190
3191
3194
3203
3205
3215
3226
3238
3254
3260
3261
3263
3270
3271
3279
3281
3282
3282
3287
3288
3290
3295
3302
3308
3310
3317
3318
3319
3320
3324
3325
3329
3332
3336
3338
3340
3341
3341
3345
3350
3350
3354
3355
3355
3357
3363
3363
3369
3378
3395
3396
3407
3407
3408
3417
3426
3427
3431
3433
3435
3438
3448
3448
3450
3452
3453
3461
3462
3468
3478
3478
3486
3487
3488
3495
3506
3506
3512
3513
3513
3514
3518
3519
3520
3521
3522
3522
3523
3529
3531
3534
3535
3538
3549
3549
3551
3553
3553
3563
3563
3575
3583
3588
3596
3662
3663
3667
3674
3677
3683
3686
3689
3689
3691
3694
3701
3717
3717
3720
3724
3729
3740
3750
3754
3755
3758
3759
3767
3772
3775
3777
3777
3790
3793
3793
3793
3801
3806
3814
3822
3825
3825
3825
3832
3835
3836
3836
3845
3845
3849
3849
3854
3859
3860
3877
3879
3882
3883
3891
3893
3900
3901
3901
3901
3902
3905
3907
3908
3915
3922
3924
3924
3933
3938
3938
3944
3947
3959
3960
3970
3977
3984
3989
3990
3993
4004
4023
4024
4026
4028
4041
4044
4046
4048
4048
4057
4064
4070
4073
4088
4088
4090
4099
4104
4106
4112
4118
4120
4121
4129
4133
4133
4138
4153
4158
4159
4159
4161
4166
4175
4175
4186
4187
4189
4189
4199
4199
4203
4211
4212
4216
4218
4220
4221
4223
4226
4228
4228
4229
4229
4229
4229
4229
4235
4238
4239
4240
4243
4246
4251
4254
4255
4255
4260
4264
4265
4266
4269
4271
4273
4274
4274
4275
4276
4277
4280
4282
4286
4286
4286
4288
4289
4290
4291
4294
4294
4294
4294
4294
4295
4296
4296
4296
4297
4298
4300
4300
4301
4302
4302
4303
4303
4303
4303
4303
4304
4304
4304
4651
4655
4681
4687
4727
4807
4874
4903
4962
4981
4988
5013
5016
5067
5130
5160
5172
5238
5244
5271
5315
5319
5322
5346
5356
5357
5436
5466
5512
5604
5623
5704
5717
5774
5854
5901
5947
5953
5961
5993
6002
6054
6091
6126
6127
6145
6158
6213
6233
6234
6308
6345
6385
6393
6459
6459
6474
6475
6502
6566
6594
6618
6619
6635
6653
6657
6662
6730
6753
6774
6781
6852
6916
7000
7059
7078
7083
7115
7120
7137
7140
7207
7230
7251
7252
7300
7317
7326
7337
7355
7389
7404
7415
7469
7483
7545
7549
7558
7592
7601
7605
7606
7608
7610
7615
7616
7625
7630
7683
7689
7698
7707
7714
7720
7746
7751
7790
7796
7853
7874
7919
7976
7980
7991
7995
8055
8100
8140
8190
8190
8225
8275
8278
8331
8368
8436
8444
8450
8452
8454
8489
8524
8576
8594
8625
8640
8666
8719
8750
8757
8778
8818
8869
8875
8877
8884
8928
8971
8976
9012
9047
9096
9139
9150
9153
9183
9233
9233
9236
9278
9282
9317
9344
9354
9385
9426
9469
9474
9513
9526
9533
9565
9567
9596
9599
9602
9627
9632
9634
9647
9682
9719
9754
9758
9759
9770
9799
9819
9828
9872
9897
9898
9904
9927
9936
9970
10001
10002
10007
10031
10057
10087
10112
10137
10147
10169
10183
10187
10190
10215
10230
10269
10284
10301
10312
10316
10343
10367
10391
10396
10421
10437
10451
10458
10464
10467
10479
10503
10525
10540
10543
10563
10584
10591
10597
10601
10603
10607
10609
10617
10619
10624
10635
10649
10649
10649
10649
10665
10667
10670
10689
10691
10711
10712
10729
10730
10730
10743
10757
10757
10758
10769
10787
10789
10791
10806
10823
10832
10842
10850
10852
10852
10860
10860
10866
10867
10873
10887
10902
10916
10917
10923
10923
10926
10939
10941
10943
10947
10956
10959
10967
10974
10977
10981
10988
10988
10995
10995
11000
11004
11008
11014
11018
11018
11019
11019
11019
11025
11025
11026
11028
11034
11034
11036
11036
11040
11041
11043
11047
11051
11051
11051
11053
11053
11054
11055
11055
11056
11056
11056
11056
11057
11057
11057
11057
11058
11058
11058
11058
11058
11058
11058
11058
11058
11058
11058
11058
11058
11058
11058
11058
11058
11058
11058
11058
11058
11058
11058
11058
11058
11058
11058
11058
11058
11058
11058
11058
11058
11058
11058
11058
11058
11058
11058
11058
11058
11058
11058
11058
11058
11058
11058
11058
11058
11058
11058
11058
11058
11058
11058
11058
11058
11058
11058
11058
11058
11058
11058
11058
11058
11058
11058
11058
11058
11058
11058
11058
11058
11058
11058
11058
11058
11058
11058
11058
11058
11058
11058
11058
11058
11058
11058
11058
11058
11058
11058
11058
11058
11058
11058
11058
11058
11058
11058
11058
11058
11058
11058
11058
11058
11058
11058
11058
11058
11058
11058
11058
11058
11058
11058
11058
11058
11058
11058
11058
11058
11058
11058
11058
11058
11058
11058
11058
11058
11058
11058
11058
11058
11058
11058
11058
11058
11058
11058
11058
11058
11058
11058
11058
11058
11058
11058
11058
11058
11058
11058
11058
11058
11058
11058
11058
11058
11058
11058
11058
11058
11058
11058
11058
11058
11058
11058
11058
11058
11058
11058
11058
11058
11058
11058
11058
11058
11058
11058
11058
11058
11058
11058
11058
11058
11058
11058
11058
11058
11058
11058
11058
11058
11058
11058
11058
11058
11058
11058
11058
11058
11058
11058
11058
11058
11058
11058
11058
11058
11058
11058
11058
11058
11058
11058
11058
11058
11058
11058
11058
11058
11058
11058
11058
11058
11058
11058
11058
11058
11058
11058
11058
11058
11058
11058
11058
11058
11058
11058
11058
11058
11058
11058
11058
11058
11058
11058
11058
11058
11058
11058
11058
11058
11058
11058
11058
11058
11058
11058
11058
11058
11058
11058
11058
11058
11058
11058
11058
11058
11058
11058
11058
11058
11058
11058
11058
11058
11058
11058
11058
11058
11058
11058
11058
11058
11058
11058
11058
11058
11058
11058
11058
11058
11058
11058
11058
11058
11058
11058
11058
11058
11058
11058
11058
11058
11058
11058
11058
11058
11058
11058
11058
11058
11058
11058
11058
11058
11058
11058
11058
11058
11058
11058
11058
11058
11058
11058
11058
11058
11058
11058
11058
11058
11058
11058
11058
11058
11058
11058
11058
11058
11058
11058
11058
11058
11058
11058
11058
11058
11058
11058
11058
11058
11058
11058
11058
11058
11058
11058
11058
11058
11058
11058
11058
11058
11058
11058
11058
11058
11058
11058
11058
11058
11058
11058
11058
11058
11058
11058
11058
11058
11058
11058
11058
11058
11058
11058
11058
11058
11058
11058
11058
11058
11058
11058
11058
11058
11058
11058
11058
11058
11058
11058
11058
11058
11058
11058
11058
11058
11058
11058
11058
11058
11058
11058
11058
11058
11058
11058
11058
11058
11058
11058
11058
11058
11058
11058
11058
11058
11058
11058
11058
11058
11058
11058
11058
11058
11058
11058
11058
11058
11058
11058
11058
11058
11058
11058
11058
11058
11058
11058
11058
11058
11058
11058
11058
11058
11058
11058
11058
11058
11058
11058
11058
11058
11058
11058
11058
11058
11058
11058
11058
11058
11058
11058
11058
11058
11058
11058
11058
11058
11058
11058
11058
11058
11058
11058
11058
11058
11058
11058
11058
11058
11058
11058
11058
11058
11058
11058
11058
11058
11058
11058
11058
11058
11058
11058
11058
11058
11058
11058
11058
11058
11058
11058
11058
11058
11058
11058
11058
11058
11058
11058
11058
11058
11058
11058
11058
11058
11058
11058
11058
11058
11058
11058
11058
11058
11058
11058
11058
11058
11058
11058
11058
11058
11058
11058
11058
11058
11058
11058
11058
11058
11058
11058
11058
11058
11058
11058
11058
11058
11058
11058
11058
11058
11058
11058
11058
11058
11058
11058
11058
11058
11058
11058
11058
11058
11058
11058
11058
11058
11058
11058
11058
11058
11058
11058
11058
11058
11058
11058
11058
11058
11058
11058
11058
11058
11058
11058
11058
11058
11058
11058
11058
11058
11058
11058
11058
11058
11058
11058
11058
11058
11058
11058
11058
11058
11058
11058
11058
11058
11058
11058
11058
11058
11058
11058
11058
11058
11058
11058
11058
11058
11058
11058
11058
11058
11058
11058
11058
11058
11058
11058
11058
11058
11058
11058
11058
11058
11058
11058
11058
11058
11058
11058
11058
11058
11058
11058
11058
11058
11058
11058
11058
11058
11058
11058
11058
11058
11058
11058
11058
11058
11058
11058
11058
11058
11058
11058
11058
11058
11058
11058
11058
11058
11058
11058
11058
11058
11058
11058
11058
11058
11058
11058
11058
11058
11058
11058
11058
11058
11058
11058
11058
11058
11058
11058
11058
11058
11058
11058
11058
11058
11058
11058
11058
11058
11058
11058
11058
11058
11058
11058
11058
11058
11058
11058
11058
11058
11058
11058
11058
11058
11058
11058
11058
11058
11058
11058
11058
11058
11058
11058
11058
11058
11058
11058
11058
11058
11058
11058
11058
11058
11058
11058
11058
11058
11058
11058
11058
11058
11058
11058
11058
11058
11058
11058
11058
11058
11058
11058
11058
11058
11058
11058
11058
11058
11058
11058
11058
11058
11058
11058
11058
11058
11058
11058
11058
11058
11058
11058
11058
11058
11058
11058
11058
11058
11058
11058
11058
11058
11058
11058
11058
11058
11058
11058
11058
11058
11058
11058
11058
11058
11058
11058
11058
11058
11058
11058
11058
11058
11058
11058
11058
11058
11058
11058
11058
11058
11058
11058
11058
11058
11058
11058
11058
11058
11058
11058
11058
11058
11058
11058
11058
11058
11058
11058
11058
11058
11058
11058
11058
11058
11058
11058
11058
11058
11058
11058
11058
11058
11058
11058
11058
11058
11058
11058
11058
11058
11058
11058
11058
11058
11058
11058
11058
11058
11058
11058
11058
11058
11058
11058
11058
11058
11058
11058
11058
11058
11058
11058
11058
11058
11058
11058
11058
11058
11058
11058
11058
11058
11058
11058
11058
11058
11058
11058
11058
11058
11058
11058
11058
11058
11058
11058
11058
11058
11058
11058
11058
11058
11058
11058
11058
11058
11058
11058
11058
11058
11058
11058
11058
11058
11058
11058
11058
11058
11058
11058
11058
11058
11058
11058
11058
11058
11058
11058
11058
11058
11058
11058
11058
11058
11058
11058
11058
11058
11058
11058
11058
11058
11058
11058
11058
11058
11058
11058
11058
11058
11058
11058
11058
11058
11058
11058
11058
11058
11058
11058
11058
11058
11058
11058
11058
11058
11058
11058
11058
11058
11058
11058
11058
11058
11058
11058
11058
11058
11058
11058
11058
11058
11058
11058
11058
11058
11058
11058
11058
11058
11058
11058
11058
11058
11058
11058
11058
11058
11058
11058
11058
11058
11058
11058
11058
11058
11058
11058
11058
11058
11058
11058
11058
11058
11058
11058
11058
11058
11058
11058
11058
11058
11058
11058
11058
11058
11058
11058
11058
11058
11058
11058
11058
11058
11058
11058
11058
11058
11058
11058
11058
11058
11058
11058
11058
11058
11058
11058
11058
11058
11058
11058
11058
11058
11058
11058
11058
11058
11058
11058
11058
11058
11058
11058
11058
11058
11058
11058
11058
11058
11058
11058
11058
11058
11058
11058
11058
11058
11058
11058
11058
11058
11058
11058
11058
11058
11058
11058
11058
11058
11058
11058
11058
11058
11058
11058
11058
11058
11058
11058
11058
11058
11058
11058
11058
11058
11058
11058
11058
11058
11058
11058
11058
11058
11058
11058
11058
11058
11058
11058
11058
11058
11058
11058
11058
11058
11058
11058
11058
11058
11058
11058
11058
11058
11058
11058
11058
11058
11058
11058
11058
11058
11058
11058
11058
11058
11058
11058
11058
11058
11058
11058
11058
11058
11058
11058
11058
11058
11058
11058
11058
11058
11058
11058
11058
11058
11058
11058
11058
11058
11058
11058
11058
11058
11058
11058
11058
11058
11058
11058
11058
11058
11058
11058
11058
11058
11058
11058
11058
11058
11058
11058
11058
11058
11058
11058
11058
11058
11058
11058
11058
11058
11058
11058
11058
11058
11058
11058
11058
11058
11058
11058
11058
11058
11058
11058
11058
11058
11058
11058
11058
11058
11058
11058
11058
11058
11058
11058
11058
11058
11058
11058
11058
11058
11058
11058
11058
11058
11058
11058
11058
11058
11058
11058
11058
11058
11058
11058
11058
11058
11058
11058
11058
11058
11058
11058
11058
11058
11058
11058
11058
11058
11058
11058
11058
11058
11058
11058
11058
11058
11058
11058
11058
11058
11058
11058
11058
11058
11058
11058
11058
11058
11058
11058
11058
11058
11058
11058
11058
11058
11058
11058
11058
11058
11058
11058
11058
11058
11058
11058
11058
11058
11058
11058
11058
11058
11058
11058
11058
11058
11058
11058
11058
11058
11058
11058
11058
11058
11058
11058
11058
11058
11058
11058
11058
11058
11058
11058
11058
11058
11058
11058
11058
11058
11058
11058
11058
11058
11058
11058
11058
11058
11058
11058
11058
11058
11058
11058
11058
11058
11058
11058
11058
11058
11058
11058
11058
11058
11058
11058
11058
11058
11058
11058
11058
11058
11058
11058
11058
11058
11058
11058
11058
11058
11058
11058
11058
11058
11058
11058
11058
11058
11058
11058
11058
11058
11058
11058
11058
11058
11058
11058
11058
11058
11058
11058
11058
11058
11058
11058
11058
11058
11058
11058
11058
11058
11058
11058
11058
11058
11058
11058
11058
11058
11058
11058
11058
11058
11058
11058
11058
11058
11058
11058
11058
11058
11058
11058
11058
11058
11058
11058
11058
11058
11058
11058
11058
11058
11058
11058
11058
11058
11058
11058
11058
11058
11058
11058
11058
11058
11058
11058
11058
11058
11058
11058
11058
11058
11058
11058
11058
11058
11058
11058
11058
11058
11058
11058
11058
11058
11058
11058
11058
11058
11058
11058
11058
11058
11058
11058
11058
11058
11058
11058
11058
11058
11058
11058
11058
11058
11058
11058
11058
11058
11058
11058
11058
11058
11058
11058
11058
11058
11058
11058
11058
11058
11058
11058
11058
11058
11058
11058
11058
11058
11058
11058
11058
11058
11058
11058
11058
11058
11058
11058
11058
11058
11058
11058
11058
11058
11058
11058
11058
11058
11058
11058
11058
11058
11058
11058
11058
11058
11058
11058
11058
11058
11058
11058
11058
11058
11058
11058
11058
11058
11058
11058
11058
11058
11058
11058
11058
11058
11058
11058
11058
11058
11058
11058
11058
11058
11058
11058
11058
11058
11058
11058
11058
11058
11058
11058
11058
11058
11058
11058
11058
11058
11058
11058
11058
11058
11058
11058
11058
11058
11058
11058
11058
11058
11058
11058
11058
11058
11058
11058
11058
11058
11058
11058
11058
11058
11058
11058
11058
11058
11058
11058
11058
11058
11058
11058
11058
11058
11058
11058
11058
11058
11058
11058
11058
11058
11058
11058
11058
11058
11058
11058
11058
11058
11058
11058
11058
11058
11058
11058
11058
11058
11058
11058
11058
11058
11058
11058
11058
11058
11058
11058
11058
11058
11058
11058
11058
11058
11058
11058
11058
11058
11058
11058
11058
11058
11058
11058
11058
11058
11058
11058
11058
11058
11058
11058
11058
11058
11058
11058
11058
11058
11058
11058
11058
11058
11058
11058
11058
11058
11058
11058
11058
11058
11058
11058
11058
11058
11058
11058
11058
11058
11058
11058
11058
11058
11058
11058
11058
11058
11058
11058
11058
11058
11058
11058
11058
11058
11058
11058
11058
11058
11058
11058
11058
11058
11058
11058
11058
11058
11058
11058
11058
11058
11058
11058
11058
11058
11058
11058
11058
11058
11058
11058
11058
11058
11058
11058
11058
11058
11058
11058
11058
11058
11058
11058
11058
11058
11058
