2814
2838
2885
3003
3173
2635
2636
2640
2643
2647
2649
2653
2660
2704
2740
2838
2885
3003
2678
2760
2822
2883
2941
2968
3005
3057
3136
3164
3222
3245
3248
2677
2826
2724
2752
2775
2869
2892
2962
3001
3019
3100
3162
3168
3233
2813
2971
3034
3178
2968
2976
3011
3179
3245
2642
2643
2649
2678
2725
2734
2760
2764
2826
2883
2964
2968
2976
3005
3011
3019
3020
3062
3079
3164
3165
3168
3205
3245
3258
2693
2764
2822
2883
2979
3101
3222
3245
3248
2642
2643
2649
2653
2677
2693
2725
2764
2822
2903
2938
2941
2999
3201
2764
2826
2883
2964
3057
3097
3164
3165
2707
2869
2883
2968
3020
3100
3111
3186
3222
3245
3258
2661
2662
2663
2664
2665
2666
2667
2668
2669
2670
2671
2672
2673
2674
2675
2676
2677
2678
2679
2680
2681
2682
2683
2684
2685
2686
2687
2688
2689
2690
2691
2692
2693
2694
2695
2696
2697
2698
2699
2700
2701
2702
2703
2704
2705
2706
2707
2708
2709
2710
2711
2712
2713
2714
2715
2716
2717
2718
2719
2720
2721
2722
2723
2724
2725
2726
2727
2728
2729
2730
2731
2732
2733
2734
2735
2736
2737
2738
2739
2740
2741
2742
2743
2744
2745
2746
2747
2748
2749
2750
2751
2752
2753
2754
2755
2756
2757
2758
2759
2760
2761
2762
2763
2764
2765
2766
2767
2768
2769
2770
2771
2772
2773
2774
2775
2776
2777
2778
2779
2780
2781
2782
2783
2784
2785
2786
2787
2788
2789
2790
2791
2792
2793
2794
2795
2796
2797
2798
2799
2800
2801
2802
2803
2804
2805
2806
2807
2808
2809
2810
2811
2812
2813
2814
2815
2816
2817
2818
2819
2820
2821
2822
2823
2824
2825
2826
2827
2828
2829
2830
2831
2832
2833
2834
2835
2836
2837
2838
2839
2840
2841
2842
2843
2844
2845
2846
2847
2848
2849
2850
2851
2852
2853
2854
2855
2856
2857
2858
2859
2860
2861
2862
2863
2864
2865
2866
2867
2868
2869
2870
2871
2872
2873
2874
2875
2876
2877
2878
2879
2880
2881
2882
2883
2884
2885
2886
2887
2888
2889
2890
2891
2892
2893
2894
2895
2896
2897
2898
2899
2900
2901
2902
2903
2904
2905
2906
2907
2908
2909
2910
2911
2912
2913
2914
2915
2916
2917
2918
2919
2920
2921
2922
2923
2924
2925
2926
2927
2928
2929
2930
2931
2932
2933
2934
2935
2936
2937
2938
2939
2940
2941
2942
2943
2944
2945
2946
2947
2948
2949
2950
2951
2952
2953
2954
2955
2956
2957
2958
2959
2960
2961
2962
2963
2964
2965
2966
2967
2968
2969
2970
2971
2972
2973
2974
2975
2976
2977
2978
2979
2980
2981
2982
2983
2984
2985
2986
2987
2988
2989
2990
2991
2992
2993
2994
2995
2996
2997
2998
2999
3000
3001
3002
3003
3004
3005
3006
3007
3008
3009
3010
3011
3012
3013
3014
3015
3016
3017
3018
3019
3020
3021
3022
3023
3024
3025
3026
3027
3028
3029
3030
3031
3032
3033
3034
3035
3036
3037
3038
3039
3040
3041
3042
3043
3044
3045
3046
3047
3048
3049
3050
3051
3052
3053
3054
3055
3056
3057
3058
3059
3060
3061
3062
3063
3064
3065
3066
3067
3068
3069
3070
3071
3072
3073
3074
3075
3076
3077
3078
3079
3080
3081
3082
3083
3084
3085
3086
3087
3088
3089
3090
3091
3092
3093
3094
3095
3096
3097
3098
3099
3100
3101
3102
3103
3104
3105
3106
3107
3108
3109
3110
3111
3112
3113
3114
3115
3116
3117
3118
3119
3120
3121
3122
3123
3124
3125
3126
3127
3128
3129
3130
3131
3132
3133
3134
3135
3136
3137
3138
3139
3140
3141
3142
3143
3144
3145
3146
3147
3148
3149
3150
3151
3152
3153
3154
3155
3156
3157
3158
3159
3160
3161
3162
3163
3164
3165
3166
3167
3168
3169
3170
3171
3172
3173
3174
3175
3176
3177
3178
3179
3180
3181
3182
3183
3184
3185
3186
3187
3188
3189
3190
3191
3192
3193
3194
3195
3196
3197
3198
3199
3200
3201
3202
3203
3204
3205
3206
3207
3208
3209
3210
3211
3212
3213
3214
3215
3216
3217
3218
3219
3220
3221
3222
3223
3224
3225
3226
3227
3228
3229
3230
3231
3232
3233
3234
3235
3236
3237
3238
3239
3240
3241
3242
3243
3244
3245
3246
3247
3248
3249
3250
3251
3252
3253
3254
3255
3256
3257
3258
3259
3260
2642
2643
2649
2653
2678
2744
3057
3164
3179
3222
2677
2764
2813
2825
2979
3205
2632
2633
2634
2635
2636
2637
2638
2639
2640
2641
2642
2643
2644
2645
2646
2647
2648
2649
2650
2651
2652
2653
2654
2655
2656
2657
2658
2659
2660
2633
2636
2645
2647
2648
2657
2658
2659
2660
2642
2649
2638
2646
2654
2655
2638
2654
2655
2633
2636
2640
2645
2647
2648
2657
2658
2659
2660
2643
2649
2653
2633
2636
2639
2640
2647
2648
2657
2658
2659
2637
2641
2642
2638
2654
2655
2642
2649
2640
2647
2648
2657
2658
2659
2660
2640
2638
2646
2654
2655
2633
2657
2658
2659
2643
2649
2653
2633
2636
2640
2647
2657
2658
2659
2660
2644
2638
2646
2654
2655
2642
2643
2652
2643
2649
2642
2643
2649
2638
2646
2654
2655
2642
2635
2642
2643
2649
2638
2654
2655
2637
2642
2652
2643
2649
2648
2659
2633
2636
2639
2640
2645
2647
2648
2657
2658
2659
2660
2638
2646
2655
2640
2649
2658
2659
2643
2649
2653
2634
2633
2636
2640
2648
2657
2659
2639
2640
2645
2647
2659
2652
2659
2638
2646
2654
2655
2638
2646
2655
2637
2642
2651
2656
2654
2655
2633
2640
2657
2658
2659
2652
2646
2654
2655
2633
2636
2639
2640
2645
2647
2648
2657
2658
2659
2660
2633
2636
2640
2647
2648
2657
2659
2660
2651
2639
2659
2638
2654
2655
2633
2636
2640
2645
2647
2648
2657
2659
2652
2638
2646
2654
2655
2638
2646
2654
2655
2638
2646
2654
2655
2638
2654
2655
2650
2644
2633
2636
2639
2645
2647
2648
2657
2660
2650
2638
2646
2654
2655
2633
2636
2639
2640
2645
2647
2648
2657
2660
2646
2654
2655
2636
2639
2640
2645
2647
2648
2657
2660
2633
2640
2645
2647
2636
2639
2645
2647
2633
2636
2639
2640
2645
2647
2648
2657
2660
2637
2642
2642
2652
2640
2645
2647
2648
2657
2658
2659
2660
2638
2654
2655
2636
2639
2645
2648
2657
2658
2659
2660
2642
2643
2646
2649
2653
2640
2647
2648
2657
2660
2642
2649
2639
2645
2648
2657
2658
2660
2648
2645
2657
2636
2640
2645
2647
2648
2657
2638
2654
2633
2639
2640
2657
2658
2659
2660
2636
2639
2640
2645
2647
2648
2658
2659
2660
2633
2648
2657
2658
2659
2633
2636
2639
2640
2645
2657
2642
2643
2649
2653
2637
2642
2638
2646
2654
2655
2642
2635
2642
2643
2649
2638
2646
2654
2655
2646
2654
2637
2642
2649
2653
2642
2643
2653
2638
2646
2634
2642
2643
2649
2653
2638
2646
2654
2655
2638
2646
2655
2655
2637
2641
2642
2643
2644
2649
2653
2644
2640
2645
2647
2632
2642
2643
2649
2643
2652
2642
2643
2649
2652
2653
2638
2654
2655
2646
2654
2638
2646
2654
2655
2633
2636
2640
2645
2647
2648
2657
2658
2659
2660
2652
2638
2646
2655
2638
2646
2655
2642
2646
2643
2649
2653
2638
2654
2655
2644
2642
2643
2649
2653
2649
2652
2653
2638
2646
2654
2655
2638
2646
2654
2655
2652
2650
2638
2638
2646
2654
2655
2656
2642
2643
2649
2652
2653
2644
2638
2654
2655
2638
2638
2646
2654
2655
2642
2643
2649
2653
2638
2646
2654
2655
2638
2646
2654
2655
2659
2638
2646
2654
2655
2646
2654
2655
2640
2645
2647
2648
2657
2658
2659
2660
2638
2652
2642
2643
2649
2638
2646
2654
2655
2638
2646
2654
2655
2644
2656
2638
2654
2655
2638
2655
2652
2642
2643
2649
2652
2653
2638
2646
2655
2638
2654
2655
2633
2636
2639
2640
2642
2645
2648
2660
2637
2641
2643
2653
2638
2646
2654
2655
2644
2638
2654
2655
2638
2646
2638
2646
2654
2655
2638
2646
2654
2655
2642
2643
2649
2659
2643
2649
2642
2643
2646
2644
2656
2659
2638
2654
2655
2642
2652
2637
2642
2649
2653
2642
2643
2642
2643
2653
2638
2646
2642
2643
2649
2653
2638
2646
2654
2655
2638
2654
2655
2637
2642
2638
2646
2654
2655
2648
2649
2642
2643
2649
2653
2637
2642
2656
2659
2659
2635
2643
2649
2642
2643
2649
2638
2646
2654
2655
2642
2649
2642
2643
2653
2638
2646
2654
2655
2641
2642
2659
2636
2640
2645
2648
2633
2640
2648
2657
2659
2659
2649
2652
2643
2649
2638
2655
2642
2643
2649
2650
2633
2636
2639
2640
2645
2647
2648
2657
2658
2660
2646
2654
2655
2643
2649
2653
2642
2637
2642
2649
2638
2654
2642
2643
2649
2653
2644
2656
2642
2643
2649
2653
2638
2646
2654
2655
2635
2642
2643
2649
2653
2638
2646
2654
2655
2649
2653
2638
2646
2654
2642
2643
2649
2653
2639
2640
2645
2648
2657
2658
2659
2656
2642
2643
2653
2642
2643
2653
2659
2642
2642
2643
2649
2652
2653
2638
2646
2654
2655
2638
2655
2633
2636
2639
2640
2647
2657
2658
2659
2643
2649
2638
2646
2654
2655
2650
2637
2641
2642
2655
2637
2642
2656
2654
2655
2638
2654
2638
2646
2655
2638
2646
2654
2655
2638
2646
2654
2655
2641
2652
2651
2652
2635
2642
2643
2649
2653
2635
2643
2649
2639
2640
2645
2648
2657
2660
2642
2644
2638
2646
2654
2655
2635
2642
2643
2649
2638
2642
2646
2654
2655
2652
2644
2646
2654
2655
2642
2638
2646
2654
2655
2643
2649
2637
2642
2652
2638
2646
2654
2655
2641
2642
2643
2641
2642
2643
2644
2642
2643
2649
2644
2638
2654
2655
2649
2653
2650
2638
2646
2654
2646
2635
2649
2659
2638
2654
2655
2638
2646
2654
2655
2642
2653
2635
2640
2642
2645
2649
2660
2641
2642
2638
2654
2655
2637
2642
2643
2649
2652
2638
2654
2655
2638
2646
2654
2655
2656
2638
2646
2655
2643
2649
2635
2652
2642
2643
2649
2652
2653
2642
2643
2649
2653
2633
2636
2639
2645
2647
2648
2657
2659
2660
2637
2642
2643
2649
2653
2638
2646
2654
2655
2642
2643
2649
2653
2649
2652
2642
2643
2649
2642
2633
2640
2647
2659
2637
2638
2654
2655
2638
2646
2642
2643
2653
2642
2638
2646
2655
2638
2655
2638
2646
2654
2655
2638
2646
2654
2655
2646
2632
2644
2656
2642
2643
2644
2637
2642
2651
2643
2649
2653
2650
2642
2656
2638
2655
2638
2646
2654
2655
2637
2642
2638
2646
2654
2655
2643
2649
2652
2642
2643
2649
2652
2638
2649
2638
2654
2655
2642
2643
2649
2653
2642
2643
2652
2653
2646
2654
2655
2642
2643
2649
2653
2639
2640
2645
2647
2643
2649
2638
2646
2654
2655
2638
2646
2654
2655
2659
2632
2644
2649
2637
2642
2652
2635
2633
2636
2640
2645
2657
2658
2659
2638
2643
2646
2653
2655
2638
2646
2654
2655
2650
2642
2643
2649
2638
2655
2654
2638
2646
2654
2655
2641
2638
2646
2654
2655
2659
2638
2646
2654
2655
2644
2637
2642
2638
2646
2654
2655
2633
2636
2639
2640
2645
2647
2648
2657
2659
2660
2633
2636
2639
2640
2645
2647
2657
2659
2642
2635
2642
2649
2638
2646
2654
2655
2638
2646
2654
2655
2643
2656
2638
2654
2655
2646
2655
2649
2652
2633
2636
2639
2640
2645
2647
2648
2635
2638
2646
2654
2655
2646
2642
2643
2649
2652
2653
2638
2654
2655
2652
2646
2649
2652
2638
2654
2655
2652
2644
2642
2649
2653
2637
2649
2650
2638
2654
2655
2659
2646
2655
2638
2646
2654
2655
2638
2646
2654
2655
2638
2646
2654
2655
2656
2638
2655
2652
2637
2641
2642
2640
2649
2638
2646
2654
2637
2641
2642
2649
2642
2643
2653
2634
2638
2654
2655
2644
2659
2637
2641
2642
2650
2638
2646
2654
2655
2646
2646
2655
2638
2652
2645
2647
2635
2649
2653
2643
2652
2644
2635
2650
2649
2653
2638
2646
2654
2655
2636
2639
2640
2645
2647
2648
2657
2658
2660
2644
2655
2632
2649
2652
2653
2637
2651
2649
2652
2653
2640
2645
2658
2638
2654
2655
2642
2643
2649
2646
2642
2643
2649
2653
2638
2646
2654
2655
2643
2653
2650
2654
2646
2638
2654
2655
2642
2643
2649
2639
2642
2653
2649
2644
2642
2649
2638
2646
2646
2652
2637
2642
2638
2646
2654
2655
2654
2655
2638
2646
2654
2655
2650
2644
2638
2646
2654
2650
2635
2643
2649
2653
2638
2646
2654
2655
2641
2639
2645
2647
2648
2658
2660
2638
2654
2655
2644
2649
2655
2638
2646
2654
2655
2649
2652
2643
2649
2638
2646
2655
2651
2638
2646
2654
2655
2649
2642
2649
2652
2642
2643
2649
2653
2649
2652
2653
2637
2649
2650
2650
2642
2643
2649
2642
2643
2649
2638
2654
2655
2638
2646
2654
2655
2637
2641
2642
2638
2654
2655
2654
2655
2635
2642
2643
2649
2659
2649
2652
2633
2639
2640
2645
2647
2658
2659
2654
2655
2634
2637
2642
2646
2654
2655
2638
2642
2643
2646
2649
2654
2638
2646
2654
2654
2655
2654
2655
2638
2646
2654
2654
2655
2638
2646
2655
2654
2655
2642
2643
2649
2653
2655
2637
2641
2642
2632
2638
2646
2654
2655
2638
2646
2654
2655
2638
2654
2655
2656
2638
2654
2638
2646
2654
2655
2642
2643
2653
2638
2646
2655
2638
2646
2654
2655
2638
2655
2643
2649
2636
2639
2640
2645
2647
2648
2657
2659
2640
2645
2647
2648
2657
2658
2659
2638
2646
2654
2655
2642
2649
2653
2649
2653
2638
2646
2654
2655
2638
2655
2643
2652
2653
2638
2646
2654
2655
2649
2642
2643
2649
2635
2642
2643
2649
2653
2653
2638
2646
2655
2638
2646
2654
2655
2638
2646
2654
2655
2652
2638
2646
2654
2655
2643
2649
2638
2655
2638
2646
2654
2655
2649
2653
2637
2641
2638
2654
2655
2632
2656
2638
2646
2654
2655
2649
2653
2649
2652
2653
2638
2654
2655
2633
2640
2645
2647
2648
2657
2658
2660
2650
2638
2646
2638
2646
2654
2655
2638
2646
2654
2655
2633
2636
2648
2657
2659
2660
2633
2639
2640
2645
2647
2648
2657
2658
2660
2644
2642
2643
2649
2638
2654
2655
2655
2636
2639
2645
2647
2657
2658
2659
2639
2645
2647
2657
2642
2646
2654
2655
2640
2645
2647
2645
2648
2657
2658
2660
2642
2643
2649
2653
2649
2647
2648
2657
2658
2659
2660
2654
2648
2657
2659
2657
2659
2660
2655
2658
2659
2660
2659
2660
2660
2674
2687
2708
2716
2719
2742
2765
2770
2778
2780
2785
2790
2793
2828
2833
2849
2853
2863
2869
2875
2876
2894
2901
2904
2914
2937
2939
2950
2970
2973
2989
2991
3007
3021
3035
3038
3049
3060
3070
3076
3082
3101
3102
3115
3116
3120
3132
3140
3146
3150
3152
3154
3169
3172
3179
3182
3185
3188
3198
3201
3206
3224
3239
3247
3252
2716
2724
2728
2737
2753
2783
2804
2830
2951
2984
3002
3019
3027
3051
3107
3118
3152
3154
3162
3168
3177
3191
3192
3198
3206
3207
3233
2710
2726
2731
2738
2786
2789
2851
2873
2888
2890
2899
2978
3084
3090
3104
3114
3130
3137
3139
3229
3231
2669
2673
2676
2694
2698
2717
2738
2745
2746
2749
2750
2754
2755
2757
2773
2777
2782
2786
2800
2806
2815
2835
2839
2862
2864
2866
2872
2877
2890
2897
2905
2906
2908
2909
2910
2912
2915
2916
2919
2920
2925
2929
2931
2940
2960
2966
2967
2969
2974
2986
2988
3004
3022
3029
3033
3040
3054
3064
3078
3090
3096
3098
3104
3108
3142
3149
3174
3184
3195
3226
3232
3250
2675
2711
2716
2730
2753
2781
2791
2843
2844
2914
2921
2942
2951
2955
2984
2989
2999
3017
3020
3027
3035
3082
3107
3136
3140
3151
3198
3214
3224
3240
3248
3249
3253
3259
2669
2676
2689
2698
2717
2749
2750
2755
2773
2782
2786
2815
2827
2839
2851
2866
2872
2877
2897
2905
2906
2909
2912
2913
2915
2916
2917
2956
2966
2985
2988
2993
3004
3014
3022
3026
3033
3040
3047
3064
3078
3084
3090
3096
3098
3108
3142
3149
3174
3226
3232
3250
2690
2711
2762
2784
2841
2856
2868
2921
3050
3087
3099
3211
3214
3242
2702
2727
2751
2772
2795
2832
2946
2958
3038
3043
3048
3093
3110
3117
3134
3138
3140
3154
3177
3178
3204
3215
3256
2676
2679
2680
2683
2689
2694
2698
2705
2738
2745
2750
2754
2755
2757
2761
2777
2782
2786
2800
2827
2839
2850
2864
2866
2867
2872
2874
2877
2880
2896
2897
2905
2906
2908
2909
2910
2911
2912
2913
2916
2919
2920
2925
2927
2940
2943
2944
2956
2960
2966
2969
2974
2985
2986
2994
3000
3004
3022
3026
3033
3040
3047
3054
3056
3064
3065
3078
3084
3085
3096
3098
3104
3108
3129
3142
3149
3174
3184
3226
3228
3232
3237
2699
2703
2767
2834
2879
2889
2959
2972
2982
3008
2721
2824
2962
3077
3091
2684
2701
2708
2719
2778
2781
2796
2797
2823
2875
2881
2894
2937
3011
3076
3079
3113
3145
3179
3182
3185
3255
3258
2694
2706
2754
2761
2763
2777
2806
2839
2864
2877
2890
2909
2912
2919
2943
2944
2948
3004
3023
3052
3184
3193
2742
2765
2770
2772
2778
2781
2793
2796
2828
2833
2849
2853
2863
2869
2939
2970
2991
3016
3017
3021
3035
3049
3051
3070
3082
3097
3101
3102
3113
3115
3116
3120
3132
3140
3145
3146
3150
3152
3169
3179
3185
3192
3201
3204
3206
3239
3247
3252
2686
2702
2730
2781
2833
2843
2871
2904
2914
2932
2955
2999
3087
3107
3132
3136
3150
3154
3171
3187
3189
3196
3198
3219
3253
3256
3259
2683
2689
2694
2698
2705
2717
2745
2754
2755
2757
2777
2782
2800
2815
2827
2839
2864
2866
2867
2872
2873
2877
2896
2897
2905
2906
2909
2911
2912
2913
2916
2917
2919
2920
2925
2927
2943
2944
2946
2960
2966
2969
2985
2986
2994
3010
3022
3033
3036
3040
3047
3056
3064
3065
3078
3080
3085
3096
3098
3108
3142
3149
3174
3184
3193
3195
3226
3232
3250
2688
2764
2923
2971
2999
3020
3103
3185
2760
3057
3164
3222
2681
2683
2689
2729
2738
2741
2750
2754
2755
2756
2757
2763
2773
2777
2786
2800
2810
2835
2839
2862
2864
2873
2880
2887
2890
2896
2905
2906
2907
2910
2911
2915
2916
2920
2924
2927
2928
2929
2931
2940
2944
2946
2953
2956
2960
2966
2969
2977
2985
2986
2987
2988
2993
2994
3000
3004
3014
3025
3026
3029
3046
3054
3056
3073
3078
3084
3090
3104
3108
3119
3135
3142
3158
3174
3184
3195
3220
3238
3243
3257
2689
2694
2705
2706
2743
2749
2750
2755
2757
2763
2800
2815
2835
2839
2877
2891
2905
2911
2916
2917
2925
2927
2943
2944
2960
2966
2974
2986
3022
3029
3033
3054
3056
3064
3078
3085
3096
3129
3149
3174
3193
3195
3228
3232
2683
2689
2738
2741
2743
2754
2756
2757
2763
2773
2782
2786
2800
2835
2839
2862
2864
2916
2924
2925
2929
2931
2944
2945
2956
2969
2994
3014
3029
3054
3056
3085
3090
3129
3184
3228
3257
2692
2724
2737
2775
2900
3001
3018
3019
3068
3100
3168
3233
2689
2729
2731
2738
2741
2743
2754
2756
2761
2773
2786
2794
2807
2809
2810
2837
2839
2854
2862
2867
2873
2874
2887
2890
2906
2915
2927
2931
2943
2944
2945
2953
2956
2966
2977
2993
2994
3000
3010
3025
3026
3029
3036
3080
3084
3090
3096
3104
3119
3123
3129
3137
3158
3220
3232
3237
3238
3257
2701
2708
2737
2775
2797
2823
2875
2894
2937
2976
3011
3051
3060
3076
3079
3152
3172
3179
3182
3258
2724
2865
2957
3011
3061
3081
3136
2702
2871
2932
2950
3002
3034
3075
3107
3111
3115
3136
3189
3196
3198
3217
3219
3256
3259
2716
2742
2748
2780
2785
2846
2914
3013
3038
3046
3089
3194
3209
3212
2693
2725
2764
2903
3086
3146
3205
2694
2705
2706
2717
2729
2743
2750
2754
2757
2763
2777
2782
2800
2810
2815
2827
2835
2839
2867
2896
2907
2910
2916
2917
2920
2925
2927
2943
2944
2945
2966
2969
2974
2986
3000
3022
3056
3064
3065
3073
3078
3085
3096
3108
3117
3135
3142
3158
3220
3232
2723
2730
2735
2759
2762
2784
2787
2803
2836
2844
2856
2871
2881
2882
2921
2996
3018
3020
3099
3100
3196
3242
2792
3037
2951
3162
3233
2764
2802
2822
2903
2949
2999
3069
3156
2706
2717
2738
2749
2750
2754
2755
2757
2763
2773
2777
2782
2786
2787
2800
2806
2815
2827
2835
2839
2862
2863
2864
2872
2877
2880
2896
2897
2905
2908
2910
2912
2913
2915
2916
2919
2920
2925
2927
2928
2940
2943
2944
2946
2948
2956
2960
2966
2974
2986
2988
3000
3004
3022
3023
3033
3056
3064
3065
3078
3085
3090
3096
3104
3108
3142
3149
3174
3195
3202
3226
3232
3250
2706
2806
2839
2867
2920
2943
2967
3023
3213
2697
2735
2751
2784
2820
2870
2934
3001
3107
3140
3186
3244
3246
3248
2820
2870
2934
2962
2992
3001
3186
3244
3246
2729
2749
2750
2754
2757
2782
2786
2800
2815
2827
2839
2866
2867
2872
2873
2877
2890
2905
2906
2909
2910
2911
2912
2913
2915
2927
2940
2946
2956
2960
2966
2969
2974
2985
2986
2988
3022
3026
3033
3047
3052
3064
3078
3090
3096
3098
3104
3117
3119
3142
3149
3195
3226
3232
3234
2703
2959
2972
2982
3008
2709
2784
2791
2811
2812
2818
2848
2957
3067
3248
3253
2708
2719
2797
2823
2875
2894
2937
2976
3011
3076
3079
3179
3182
3258
2739
2748
2859
2871
2954
3027
3034
3107
3136
3189
3198
3211
3219
3236
2834
2879
2889
2959
2972
2982
3008
2754
2815
2839
2867
2874
2896
2916
2924
2925
2943
2969
3033
3054
3056
3085
3129
3193
2743
2749
2750
2754
2761
2763
2777
2782
2786
2800
2806
2810
2827
2839
2864
2867
2877
2880
2891
2896
2905
2910
2911
2920
2927
2928
2931
2940
2943
2944
2945
2946
2948
2960
2966
2967
2969
2974
2986
3000
3004
3023
3052
3056
3096
3184
3193
3213
3220
3234
3237
2719
2778
2781
2938
2957
2964
3019
3062
3133
3145
3182
2719
2796
2797
2823
2828
2845
2869
2875
2894
2937
2995
3011
3051
3076
3079
3115
3145
3172
3179
3182
3258
2735
2772
2780
2795
2812
3015
3138
3178
3211
2749
2769
2807
2809
2851
2978
3090
3095
3130
2714
2723
2724
2748
2758
2779
2825
2829
2881
2921
2923
2942
2951
2989
3009
3019
3062
3077
3118
3162
3177
3198
3207
3233
2716
2742
2748
2778
2780
2785
2796
2833
2849
2853
2859
2950
2989
2991
3035
3038
3070
3101
3120
3132
3150
3188
3198
3201
3224
3240
3252
2728
2729
2951
2990
3007
3038
3077
3082
3086
3103
3106
3120
3154
3176
3207
3223
3224
3240
3241
3252
2979
2723
2747
2787
2831
2832
2844
2859
2863
2865
2868
2881
2901
2936
3027
3050
3087
3146
3171
3187
3208
3214
3256
3259
2719
2720
2730
2742
2748
2753
2780
2783
2785
2793
2796
2797
2828
2830
2844
2845
2846
2853
2859
2863
2868
2901
2904
2914
2936
2939
2951
2973
2984
2989
2990
2992
3002
3007
3013
3015
3017
3027
3034
3038
3041
3046
3051
3058
3060
3070
3077
3082
3089
3097
3101
3106
3107
3109
3110
3140
3150
3154
3188
3191
3198
3206
3209
3212
3240
3260
2754
2755
2757
2777
2782
2815
2827
2839
2864
2866
2867
2872
2877
2897
2905
2910
2911
2912
2913
2916
2920
2925
2940
2956
2966
2985
2986
3022
3033
3047
3056
3064
3065
3078
3085
3096
3098
3108
3142
3174
3195
3226
3250
2758
2832
2843
2883
2901
2932
2955
3032
3043
3076
3081
3087
3107
3115
3136
3167
3173
3187
3196
3198
3236
3253
3255
3256
2720
2742
2753
2778
2785
2793
2796
2797
2823
2828
2833
2840
2853
2863
2869
2875
2881
2894
2936
2937
2939
2973
2976
2991
2992
3005
3017
3035
3039
3051
3060
3076
3079
3082
3100
3101
3102
3106
3111
3113
3115
3116
3120
3132
3145
3150
3169
3170
3172
3179
3182
3185
3201
3204
3206
3225
3239
3240
3252
3258
2753
2783
2793
2859
2868
2932
2936
2937
2973
2984
2989
3002
3009
3017
3038
3051
3060
3070
3076
3082
3087
3089
3106
3140
3154
3160
3182
3191
3198
3201
3215
3224
3239
3240
2824
2962
3077
3091
2863
2787
2836
2901
3009
3027
3215
2728
2730
2737
2739
2758
2775
2779
2829
2830
2845
2865
2892
2921
2934
2947
2951
2957
3001
3002
3011
3018
3019
3051
3061
3062
3068
3069
3077
3081
3086
3100
3118
3133
3154
3162
3168
3176
3177
3186
3191
3203
3207
3210
3221
3223
3233
3253
2818
2903
2923
2738
2837
2851
2890
2899
2978
3045
3090
3104
3114
3137
3139
3229
3231
2780
2795
2840
3024
3048
3100
3138
3140
3178
3205
2730
2829
2830
2951
2990
3002
3007
3018
3019
3077
3086
3103
3154
3162
3168
3171
3176
3207
3233
3241
2731
2738
2743
2755
2766
2773
2786
2794
2810
2821
2862
2873
2874
2877
2887
2890
2907
2915
2928
2929
2944
2956
2977
2981
2988
2993
2994
3000
3010
3025
3026
3036
3073
3080
3084
3089
3090
3104
3114
3119
3123
3135
3137
3158
3166
3257
2737
2739
2758
2768
2781
2783
2801
2812
2816
2819
2843
2844
2863
2865
2871
2918
2932
2938
2941
2947
2951
2955
2958
2996
2999
3002
3016
3018
3019
3032
3043
3062
3077
3082
3086
3087
3097
3100
3110
3118
3136
3138
3154
3162
3167
3168
3177
3187
3189
3191
3196
3207
3210
3211
3214
3215
3219
3221
3233
3244
3253
3255
3256
2738
2786
2821
2873
2874
2890
2956
2981
2987
2988
2993
3025
3026
3036
3084
3090
3114
3123
3137
3158
3166
3231
3257
2902
2930
3131
3180
3181
3251
2797
2812
2894
2936
2937
2958
3011
3060
3076
3079
3152
3172
3179
3182
3185
3258
2752
2760
2787
2790
2808
2818
2836
2840
2848
2923
3005
3027
3057
3077
3121
3157
3165
3186
3254
2819
2844
2914
2932
2951
2976
2996
3075
3140
3173
3244
3259
2771
2836
3248
2775
2796
2845
2869
2892
2937
2991
3019
3051
3154
3160
3204
3233
2741
2743
2754
2756
2757
2773
2786
2798
2809
2835
2839
2862
2864
2873
2874
2877
2887
2888
2890
2896
2911
2915
2924
2925
2928
2929
2931
2944
2945
2953
2956
2960
2969
2974
2977
2978
2988
2994
3000
3004
3014
3025
3026
3029
3036
3084
3090
3092
3098
3104
3114
3119
3123
3137
3168
3220
3229
3231
3232
3238
3243
3257
2829
2830
2871
2951
2954
3002
3019
3050
3062
3068
3069
3118
3140
3162
3168
3191
3233
3240
2743
2754
2766
2777
2786
2806
2839
2862
2867
2873
2874
2890
2896
2910
2915
2916
2924
2927
2928
2929
2931
2945
2953
2956
2969
2977
2986
2988
2993
2994
3000
3026
3054
3056
3078
3084
3085
3098
3174
3184
3193
3220
3228
3234
3238
3243
3257
2748
2753
2765
2770
2778
2780
2781
2785
2793
2796
2828
2846
2849
2863
2869
2875
2894
2901
2904
2937
2939
2970
2973
2989
2991
2992
3007
3013
3017
3021
3027
3035
3038
3041
3046
3049
3051
3058
3060
3070
3076
3079
3082
3089
3101
3102
3106
3115
3116
3120
3132
3140
3146
3148
3150
3152
3160
3169
3172
3179
3182
3185
3188
3194
3198
3199
3201
3206
3209
3212
3224
3239
3240
3247
3252
3258
3260
2754
2756
2777
2782
2794
2810
2839
2867
2874
2880
2887
2896
2907
2924
2931
2943
2945
2974
2986
2988
2994
3000
3023
3029
3036
3054
3056
3073
3085
3114
3119
3135
3158
3220
3243
2762
2772
2825
2843
2865
3156
3255
3256
2786
2789
2839
2864
2866
2872
2906
2909
2929
2960
2966
2994
3004
3010
3022
3033
3078
3080
3139
3143
3153
3174
3237
2754
2839
2864
2866
2910
2920
2925
2931
2986
3054
3056
2787
2831
2832
2863
2865
2901
3050
3173
2751
2753
2765
2772
2780
2785
2793
2818
2846
2853
2869
2901
2936
2946
2950
2973
2976
2989
2991
3013
3038
3041
3046
3049
3051
3058
3060
3070
3076
3082
3089
3101
3106
3107
3116
3117
3124
3140
3154
3160
3175
3188
3194
3198
3215
3224
3240
3247
3252
2750
2754
2777
2786
2810
2839
2864
2873
2896
2905
2908
2909
2911
2919
2920
2927
2940
2943
2944
2956
2960
2969
2974
2986
2994
3022
3026
3047
3056
3073
3078
3085
3096
3108
3129
3142
3149
3220
3257
2754
2755
2763
2782
2786
2800
2810
2827
2839
2864
2866
2867
2872
2873
2877
2880
2890
2897
2905
2906
2908
2909
2910
2911
2912
2913
2915
2916
2920
2927
2928
2940
2943
2944
2945
2956
2960
2966
2969
2974
2985
2986
2988
3022
3023
3026
3033
3040
3047
3052
3056
3064
3073
3078
3090
3096
3098
3104
3108
3119
3137
3142
3149
3202
3226
3232
3234
2772
2841
2868
2878
2901
2913
2946
3017
3035
3038
3043
3093
3113
3115
3117
3124
3140
3150
3177
3198
3204
3215
3224
2781
2812
2818
2962
2793
2869
2901
2936
2937
2965
2973
2976
2989
2992
3019
3038
3051
3060
3070
3075
3079
3082
3101
3106
3116
3120
3132
3140
3145
3150
3154
3160
3198
3240
2755
2756
2757
2761
2763
2769
2777
2782
2786
2800
2806
2810
2812
2835
2839
2850
2852
2854
2862
2863
2864
2866
2867
2872
2874
2877
2880
2890
2896
2897
2906
2908
2909
2910
2911
2912
2915
2916
2919
2920
2927
2928
2940
2943
2944
2945
2956
2960
2966
2969
2974
2986
2988
3000
3004
3022
3023
3025
3026
3029
3033
3036
3052
3054
3056
3064
3065
3078
3085
3090
3096
3104
3105
3108
3129
3137
3142
3166
3174
3184
3195
3202
3220
3226
3228
3232
3234
3243
3250
3257
2757
2777
2782
2800
2815
2827
2839
2866
2872
2877
2880
2890
2897
2905
2906
2909
2910
2911
2912
2913
2916
2920
2925
2927
2928
2929
2940
2943
2944
2956
2960
2966
2985
2986
2987
2993
2994
3014
3022
3026
3033
3040
3047
3054
3056
3064
3065
3078
3084
3090
3096
3098
3108
3117
3119
3149
3158
3163
3166
3174
3195
3226
3228
3232
3238
3250
2773
2786
2839
2862
2873
2887
2888
2915
2924
2928
2929
2931
2945
2956
2977
2981
2993
2994
3000
3025
3026
3029
3073
3084
3090
3104
3135
3220
3232
3238
3257
2763
2777
2782
2800
2815
2827
2835
2839
2854
2864
2866
2867
2872
2877
2896
2906
2909
2911
2912
2916
2917
2919
2925
2927
2940
2944
2945
2960
2966
2969
2974
2986
3000
3004
3022
3033
3036
3040
3054
3056
3064
3065
3078
3090
3096
3098
3104
3108
3129
3135
3142
3149
3174
3184
3195
3220
3226
3232
2780
2784
2801
2813
2816
2843
2856
2865
2918
2932
2951
2955
2964
3019
3032
3081
3087
3136
3154
3162
3167
3187
3196
3198
3219
3233
3236
3253
3255
3256
3259
2812
2820
2836
2854
2866
2909
2946
2961
3041
3064
3095
3117
3202
3213
3237
2790
2813
3057
3222
2763
2839
2944
2948
2966
3023
3052
3054
3184
3193
3234
3237
2787
2841
2904
3027
3140
3214
3221
3248
3255
2777
2800
2806
2810
2835
2839
2854
2862
2864
2867
2880
2890
2891
2912
2913
2915
2919
2920
2927
2931
2943
2944
2945
2948
2956
2960
2967
2974
3000
3023
3026
3042
3052
3056
3184
3193
3213
3220
3228
3232
3234
3237
2822
2903
2923
2941
2979
2999
3011
3020
3201
3222
2770
2780
2793
2828
2849
2853
2863
2939
2970
2973
3007
3021
3035
3049
3070
3082
3094
3101
3102
3116
3120
3132
3146
3169
3201
3206
3239
3247
3252
2786
2794
2810
2821
2907
2924
2929
3025
3119
2889
2959
2813
2865
2918
2921
2951
2973
3002
3017
3020
3034
3072
3077
3097
3118
3151
3242
2789
2807
2943
2978
3010
3090
3130
3139
2778
2849
2853
2863
2904
2939
3021
3035
3049
3070
3101
3102
3116
3132
3146
3150
3152
3169
3185
3188
3201
3239
3247
3252
2836
2841
2858
2893
2954
3214
3221
3248
2785
2803
2831
2895
2958
2996
3017
3027
3075
3093
3107
3192
3214
3221
3242
3256
2782
2786
2810
2815
2862
2873
2890
2905
2913
2915
2916
2925
2929
2931
2945
2953
2956
2969
2977
2987
2988
2993
2994
3004
3014
3026
3029
3040
3078
3084
3090
3096
3104
3119
3158
3166
3174
3238
2817
3055
3074
3127
3147
2845
2881
2892
2947
2951
2962
2995
3001
3002
3018
3019
3051
3062
3162
3168
3186
3233
2861
3105
3141
3216
2782
2786
2800
2806
2810
2815
2827
2839
2850
2864
2867
2872
2884
2896
2897
2906
2908
2909
2910
2911
2912
2916
2919
2920
2925
2927
2928
2940
2943
2944
2945
2960
2966
2969
2974
2985
2986
2988
3000
3004
3022
3054
3056
3064
3073
3078
3085
3096
3098
3108
3158
3184
3195
3220
3226
3228
3232
2781
2796
2823
2828
2833
2849
2853
2863
2869
2875
2881
2894
2901
2904
2921
2938
2939
2991
2992
3016
3017
3035
3039
3049
3051
3060
3076
3082
3100
3101
3102
3109
3111
3112
3113
3115
3116
3118
3120
3132
3145
3146
3148
3150
3169
3172
3179
3182
3185
3199
3201
3204
3225
3239
3247
3252
2829
2951
3019
3068
3069
3077
3086
3162
3177
3207
3233
2785
2793
2795
2846
2863
2871
2923
2939
2950
2979
3013
3041
3048
3049
3089
3101
3102
3109
3116
3136
3138
3146
3152
3172
3178
3188
3198
3201
3209
3211
3212
3219
3233
3240
3247
3256
2787
2796
2836
2849
2853
2863
2869
2894
2901
2939
2958
2991
3005
3027
3035
3049
3060
3076
3082
3100
3101
3113
3116
3120
3136
3148
3150
3151
3157
3169
3179
3182
3201
3204
3214
3221
3252
2786
2800
2806
2815
2827
2835
2839
2854
2862
2864
2866
2872
2877
2891
2896
2905
2906
2909
2910
2911
2912
2913
2915
2916
2920
2924
2927
2943
2944
2956
2960
2966
2969
2985
2986
2988
3004
3010
3014
3022
3025
3026
3033
3036
3040
3047
3052
3054
3064
3078
3084
3085
3090
3096
3104
3108
3123
3142
3149
3174
3184
3195
3213
3226
3232
3234
3250
2787
2819
2932
2955
2976
2984
3017
3027
3028
3060
3076
3087
3152
3172
3182
3185
3192
3198
3255
2813
2848
2856
2979
3034
3072
3099
3115
3136
3150
3179
3211
3214
3219
3259
2846
2849
2863
2904
3013
3041
3046
3058
3067
3072
3081
3089
3101
3109
3138
3146
3152
3188
3209
3212
3233
3240
3249
2800
2810
2827
2835
2839
2862
2864
2866
2873
2874
2877
2890
2896
2906
2910
2912
2913
2915
2916
2919
2924
2927
2928
2929
2931
2940
2943
2944
2946
2953
2956
2960
2966
2969
2977
2981
2985
2986
2988
2993
2994
3000
3014
3022
3025
3026
3029
3033
3054
3073
3078
3084
3090
3104
3114
3119
3158
3166
3174
3213
3220
3228
3238
3243
3257
2793
2825
2836
2849
2863
2892
2901
2904
2932
2939
3027
3034
3038
3049
3070
3072
3082
3087
3097
3101
3116
3150
3211
3214
3253
3256
2807
2851
2888
2944
2978
3026
3045
3059
3084
3104
3130
3137
3231
2803
2813
2848
3203
2812
2818
2844
2876
2950
2975
3088
3116
3136
3037
2795
2828
2833
2849
2853
2863
2875
2901
2936
2937
2939
2950
2970
2973
2989
2991
2992
3007
3021
3027
3035
3038
3041
3046
3049
3051
3060
3070
3072
3082
3089
3097
3101
3103
3106
3115
3116
3120
3132
3136
3140
3146
3150
3152
3154
3160
3169
3191
3198
3201
3206
3212
3214
3224
3239
3240
3247
3252
3253
2810
2821
2874
2887
2907
2966
2988
3000
3073
3119
3135
3158
2813
2832
2904
3020
3046
3048
3050
3110
3138
3148
3178
3211
3254
2828
2833
2849
2853
2863
2869
2881
2894
2921
2936
2939
2991
3016
3017
3035
3039
3049
3051
3060
3076
3082
3101
3111
3113
3132
3145
3172
3185
3199
3201
3204
2823
2845
2894
2901
2936
2937
2995
3011
3076
3079
3179
3182
3258
2861
3053
3105
3122
3200
3218
2806
2810
2815
2827
2839
2854
2862
2864
2867
2872
2877
2880
2890
2897
2906
2910
2912
2913
2916
2919
2925
2927
2928
2940
2943
2944
2945
2956
2960
2966
2969
2974
2986
2988
3000
3004
3023
3026
3033
3040
3044
3056
3073
3078
3085
3090
3096
3098
3119
3135
3174
3213
3220
3232
3250
2865
3032
3167
3221
3255
3256
2863
3035
3106
3150
3154
2813
2848
2881
2882
2996
3048
3100
3124
3138
3140
3178
3196
3211
3214
3256
2836
2984
2992
2806
2922
2983
2997
3012
3028
3121
2839
2854
2867
2877
2880
2890
2891
2909
2910
2912
2919
2920
2925
2927
2943
2944
2948
2967
2986
3000
3004
3014
3023
3114
3142
3184
3213
3234
3237
2837
2887
2888
2978
3010
3025
3080
3084
3123
3129
3130
3231
3257
3121
2837
3010
3026
3030
3036
3080
3090
3104
3231
2821
2839
2867
2873
2874
2880
2887
2907
2910
2920
2927
2928
2940
2943
2944
2945
2960
2974
2986
2988
2994
3000
3023
3025
3056
3073
3084
3090
3117
3123
3135
3158
3163
3213
3220
3236
2904
3162
2818
2843
2869
3041
3087
3140
3187
3249
3256
2818
2826
2848
2883
2951
2971
2979
3002
3020
3136
3171
3177
3178
3214
2827
2839
2866
2872
2905
2910
2911
2912
2916
2917
2920
2925
2943
2944
2966
2969
2986
2987
3022
3026
3033
3040
3056
3064
3065
3078
3085
3090
3096
3098
3108
3142
3149
3195
3226
3232
3250
2843
2865
3087
3152
3187
3256
3055
3074
3127
2882
2946
3067
2904
2996
3017
3035
3140
3148
3192
3221
2870
2934
2962
3001
3190
3233
3244
3246
2966
3114
3119
3135
3158
3166
2831
2941
2999
3164
3222
2828
2845
2875
2894
2937
2992
3011
3051
3060
3076
3079
3082
3118
3145
3170
3172
3179
3182
3258
2962
3077
3091
2844
2868
2921
2942
2951
2989
3027
3075
3156
3177
3198
3256
2979
3165
3211
2839
2852
2866
2867
2872
2877
2890
2897
2905
2906
2910
2911
2913
2915
2916
2917
2919
2920
2925
2929
2943
2944
2956
2966
2969
2985
2986
2987
2993
2994
3022
3026
3033
3040
3054
3064
3065
3078
3090
3096
3098
3108
3149
3163
3166
3174
3195
3226
3232
2833
2849
2869
2875
2901
2936
2937
2939
2970
2973
2989
2991
2992
3027
3035
3038
3049
3051
3060
3076
3082
3101
3102
3106
3113
3115
3116
3120
3132
3146
3148
3152
3169
3170
3172
3179
3185
3201
3209
3247
3252
2951
3001
3019
3062
3068
3069
3077
3086
3154
3162
3168
3176
3177
3207
3233
3241
2951
2990
2992
3002
3019
3154
3168
3191
3207
3233
2832
2863
2865
2901
2996
3050
3124
3214
3256
2841
2863
2901
2958
3015
3016
3017
3027
3050
3082
3124
3171
3208
3214
3256
2849
2863
2869
2875
2894
2904
2914
2936
2937
2939
2973
2991
2992
3011
3017
3021
3035
3038
3049
3051
3060
3076
3079
3082
3089
3101
3102
3113
3115
3116
3132
3146
3150
3152
3154
3179
3182
3185
3188
3201
3212
3224
3239
3253
3258
2972
3176
2839
2862
2864
2874
2880
2906
2924
2940
2943
2946
2956
2960
2986
2994
3000
3033
3104
3117
3119
3129
3174
3195
3226
3243
2840
2841
2858
2893
2898
2954
3005
3019
3140
3157
3190
3214
3221
3248
3010
3025
3030
3080
3231
3257
3003
2852
2862
2864
2866
2867
2872
2877
2880
2890
2896
2905
2906
2907
2908
2909
2910
2911
2912
2913
2916
2919
2920
2924
2925
2927
2928
2940
2943
2944
2945
2946
2948
2956
2960
2966
2967
2969
2974
2981
2985
2986
3000
3004
3022
3023
3025
3026
3029
3033
3040
3052
3054
3056
3064
3065
3073
3078
3085
3096
3098
3104
3108
3117
3119
3135
3142
3149
3158
3163
3174
3184
3193
3195
3202
3213
3220
3226
3228
3232
3234
3237
3238
3250
2881
2904
2958
2973
2976
2992
3002
3017
3034
3039
3060
3082
3111
3112
3118
3145
3172
3185
3225
2858
2898
2946
2954
3016
3081
3089
3097
3117
3171
3190
3208
3214
3221
3248
3255
3259
2865
2918
2932
2955
3032
3087
3136
3154
3156
3187
3196
3198
3236
3255
3256
2871
2878
2881
2894
2904
2951
3017
3027
3034
3072
3075
3087
3101
3140
3144
3211
2892
2937
2951
3002
3019
3051
3060
3076
3118
3172
3186
2914
3013
3038
3041
3046
3058
3089
3109
3175
3188
3209
3212
3260
2856
2859
2965
3011
3144
3162
3173
3255
2876
2881
2901
2996
3049
3133
3148
3178
3203
3214
2853
2863
2869
2875
2894
2901
2904
2939
2970
2973
2991
3021
3027
3035
3038
3046
3049
3070
3076
3082
3089
3101
3102
3106
3115
3116
3132
3146
3150
3152
3169
3179
3185
3201
3206
3212
3239
3240
3247
3252
2864
2867
2872
2877
2880
2896
2897
2905
2906
2910
2911
2915
2916
2920
2924
2925
2927
2943
2966
2969
2986
3054
3193
3195
3228
2888
2978
3084
3090
3095
3114
3130
3137
3139
3229
3231
2916
2920
2940
2943
3096
3220
3226
2863
2869
2894
2939
2991
2992
3016
3021
3035
3049
3070
3082
3101
3102
3106
3113
3116
3120
3132
3145
3146
3150
3169
3201
3206
3239
3240
3247
3252
2864
2927
2931
2944
2953
2969
3010
3023
3025
3080
3095
3104
3184
3193
3213
3228
3234
3237
2904
2868
2979
2996
3020
3099
3115
3185
3212
3242
3200
2889
2898
2921
2923
3072
3075
3097
3248
2868
2984
3002
3027
3075
3107
3140
3019
3168
3053
3122
3141
3200
3216
3218
2864
2873
2874
2887
2890
2906
2910
2912
2913
2915
2924
2927
2928
2929
2944
2946
2956
2960
2966
2969
2985
2986
2988
2993
2994
3000
3014
3022
3025
3026
3029
3054
3073
3084
3090
3104
3119
3174
3195
3220
3232
3238
2869
2901
2904
2939
2980
2991
2992
3006
3016
3021
3034
3035
3038
3049
3050
3051
3070
3082
3094
3097
3101
3102
3113
3115
3116
3120
3124
3132
3145
3146
3150
3151
3152
3154
3169
3171
3172
3185
3187
3198
3201
3204
3206
3214
3235
3239
3247
3252
3256
3258
2867
2880
2896
2897
2906
2908
2909
2910
2911
2915
2919
2920
2925
2940
2943
2944
2946
2956
2960
2966
2969
2985
2986
3004
3054
3065
3073
3078
3096
3098
3104
3108
3117
3119
3135
3174
3226
3232
3234
3250
2918
2932
2955
2979
3020
3032
3050
3061
3081
3087
3124
3156
3167
3187
3196
3236
3253
3256
2867
2872
2873
2877
2890
2891
2897
2905
2906
2909
2910
2911
2912
2913
2915
2916
2917
2919
2925
2928
2940
2956
2966
2985
2986
2993
2994
3022
3026
3033
3040
3047
3056
3064
3065
3078
3084
3090
3096
3098
3108
3142
3149
3174
3195
3226
3232
3250
2877
2880
2897
2906
2907
2909
2910
2913
2915
2916
2917
2919
2920
2925
2927
2928
2931
2940
2943
2944
2945
2946
2960
2974
2986
3000
3004
3022
3023
3026
3054
3056
3064
3073
3078
3085
3098
3117
3149
3158
3174
3184
3195
3213
3232
3243
2936
3002
3051
3077
3099
3212
3215
3224
3242
2881
2936
2937
2939
2950
2980
2991
2992
3016
3021
3035
3049
3051
3060
3082
3101
3113
3116
3132
3145
3152
3169
3170
3172
3199
3201
3204
3239
3252
2934
2990
3001
3002
3009
3017
3077
3107
3154
3177
3186
3244
3246
2875
2881
2932
2950
2955
3002
3038
3043
3062
3087
3107
3111
3136
3189
3196
3198
3219
3253
3256
3259
2873
2877
2880
2890
2905
2906
2909
2910
2911
2912
2913
2916
2919
2920
2925
2944
2956
2966
2985
2986
2993
3022
3026
3033
3040
3047
3052
3054
3056
3064
3065
3078
3084
3090
3096
3098
3108
3142
3149
3166
3195
3226
3232
3238
3250
2874
2877
2890
2905
2911
2913
2915
2928
2929
2931
2953
2956
2966
2977
2988
2993
2994
3000
3014
3022
3026
3029
3033
3047
3052
3054
3078
3084
3090
3104
3114
3119
3123
3129
3137
3149
3158
3166
3174
3226
3232
3238
3257
2887
2907
2915
2924
2928
2940
2945
2966
2977
2988
2994
3000
3025
3073
3084
3104
3119
3135
3158
3232
3238
3243
2894
2904
2937
2958
2976
3005
3043
3060
3076
3079
3101
3111
3115
3116
3150
3170
3172
3179
3182
3185
3248
3258
2904
3116
3144
3152
3188
3214
2880
2887
2890
2891
2896
2897
2905
2906
2908
2909
2910
2911
2912
2913
2915
2916
2919
2920
2925
2929
2940
2943
2944
2953
2956
2960
2966
2967
2969
2974
2985
2986
2994
3000
3004
3022
3026
3029
3033
3040
3042
3047
3052
3054
3064
3073
3078
3090
3095
3096
3098
3104
3114
3117
3137
3142
3149
3174
3184
3195
3202
3226
3232
3237
3238
3250
2904
3020
3049
3144
3214
3249
3253
2889
2959
2972
2982
3008
2897
2905
2906
2908
2909
2910
2915
2919
2920
2925
2927
2928
2943
2944
2945
2946
2960
2966
2967
2974
2986
3000
3004
3022
3023
3054
3056
3064
3065
3073
3078
3085
3098
3117
3174
3184
3213
3220
3232
2894
3007
3015
3017
3019
3024
3039
3076
3111
3112
3113
3124
3133
3145
3172
3185
3188
3199
3233
2958
2968
3027
3057
3124
3043
3101
3150
3223
3258
2909
3044
3227
2949
2999
3066
3083
3126
3128
2897
2906
2907
2915
2944
2956
2988
2994
3000
3004
3025
3029
3036
3052
3073
3084
3090
3114
3119
3135
3158
3220
2978
3010
3090
3114
3130
3137
3231
2959
2972
2982
3008
3155
2905
2906
2909
2910
2912
2913
2915
2919
2920
2927
2928
2929
2931
2953
2956
2977
2985
2988
2993
2994
3000
3004
3014
3025
3026
3029
3033
3042
3047
3052
3073
3078
3084
3090
3104
3114
3119
3123
3137
3142
3149
3158
3166
3226
3229
3232
3243
2905
2909
2913
2966
3026
3052
3073
3142
3184
3193
3234
3237
2934
2951
2995
3001
3002
3019
3077
3086
3154
3162
3168
3178
3204
3207
3233
3159
2937
2958
2973
2991
3005
3011
3017
3035
3049
3060
3076
3079
3111
3112
3115
3116
3124
3145
3172
3173
3179
3182
3185
3198
3225
3253
3258
3017
3027
3217
2916
2919
2925
2928
2931
2943
2944
2969
3022
3054
3056
3073
3078
3085
3117
3129
3193
3228
2906
2909
2910
2912
2916
2919
2920
2924
2925
2928
2943
2944
2946
2960
2966
2985
2986
3000
3004
3033
3054
3056
3064
3073
3098
3119
3174
3195
3226
3228
3232
3214
3248
3139
3229
3019
3077
3154
3162
3207
3233
2904
2932
2939
2989
2992
2996
3009
3027
3035
3038
3049
3051
3070
3082
3101
3106
3110
3113
3116
3120
3140
3150
3154
3167
3173
3198
3201
3206
3214
3224
3252
3256
2930
3131
3180
3181
3251
2999
3258
2914
2946
3009
3016
3017
3027
3035
3046
3049
3082
3088
3089
3109
3116
3132
3144
3146
3148
3150
3152
3154
3188
3198
3201
3206
3211
3212
3214
3215
3247
3253
2906
2909
2910
2912
2913
2915
2919
2927
2946
2956
2966
2985
2986
2988
2993
2994
3014
3022
3026
3033
3047
3052
3064
3078
3084
3090
3098
3104
3108
3117
3119
3142
3184
3195
3226
3228
3232
2908
2909
2910
2911
2913
2915
2916
2920
2925
2927
2928
2929
2940
2944
2946
2956
2960
2966
2974
2977
2985
2986
2994
3000
3004
3022
3025
3026
3029
3033
3040
3047
3054
3056
3065
3078
3096
3098
3104
3108
3117
3119
3142
3149
3174
3184
3195
3220
3226
2920
2928
2929
2940
2943
2944
2945
2974
2988
3000
3025
3056
3073
3135
3158
3220
2909
2911
2920
2927
2960
2986
3004
3022
3040
3096
3108
3220
2910
2911
2912
2913
2915
2916
2919
2920
2925
2927
2940
2943
2953
2960
2967
2969
2986
3000
3004
3022
3026
3033
3042
3047
3052
3054
3064
3078
3090
3104
3142
3184
3213
3226
3232
3250
2911
2913
2916
2919
2920
2925
2927
2928
2940
2943
2944
2945
2956
2960
2966
2969
2974
2985
2986
2988
3000
3033
3054
3056
3064
3065
3073
3078
3090
3108
3114
3117
3119
3174
3195
3220
3226
3232
3250
2912
2913
2916
2919
2920
2925
2940
2956
2960
2966
2974
2985
2986
3004
3022
3033
3040
3047
3054
3064
3065
3078
3090
3096
3098
3108
3149
3195
3202
3226
3228
3232
3250
2913
2919
2927
2940
2953
2956
2966
2985
2986
3004
3014
3022
3026
3033
3047
3064
3078
3090
3098
3142
3226
3232
3250
2915
2916
2919
2925
2927
2946
2948
2953
2956
2966
2969
2985
2986
2993
3026
3033
3042
3047
3054
3064
3078
3090
3096
3098
3104
3119
3142
3149
3174
3184
3195
3224
3226
3232
3250
2951
3013
3038
3072
3101
3117
3132
3136
3140
3150
3154
3179
3188
3194
3203
3209
3214
3253
3256
2919
2924
2927
2928
2929
2931
2943
2953
2956
2966
2967
2977
2988
2994
3000
3004
3010
3014
3026
3029
3033
3042
3047
3052
3054
3064
3073
3078
3084
3090
3092
3096
3104
3114
3117
3137
3158
3163
3174
3195
3213
3226
3232
3243
2917
2919
2920
2925
2928
2943
2944
2945
2946
2960
2966
2969
2974
2985
2986
2987
3022
3033
3040
3047
3054
3056
3064
3065
3078
3085
3090
3096
3098
3108
3117
3129
3142
3149
3174
3195
3226
3228
3232
3250
2944
3065
3108
3129
3195
2932
2955
3032
3087
3167
3173
3187
3196
3236
3255
3256
2920
2925
2927
2928
2940
2943
2944
2953
2960
2969
2985
2986
2988
2993
2997
3004
3014
3033
3054
3056
3073
3078
3084
3085
3104
3108
3142
3149
3184
3232
2924
2927
2928
2940
2943
2944
2960
2969
2974
2986
3004
3033
3054
3064
3073
3078
3085
3098
3108
3117
3124
3184
3213
3220
3226
3232
2942
2951
2955
2984
2989
3002
3009
3017
3018
3034
3075
3107
3198
3204
3214
3221
3249
3256
3259
3028
3005
3020
3046
2925
2928
2929
2931
2945
2956
2960
2986
2988
3000
3025
3085
3090
3098
3184
3220
2928
2931
2940
2943
2944
2946
2956
2960
2961
2966
2969
2986
3000
3022
3033
3036
3040
3054
3056
3064
3065
3085
3096
3098
3108
3117
3129
3174
3184
3195
3226
3228
3250
3256
2928
2940
2943
2944
2945
2946
2956
2960
2966
2974
2981
2985
2986
2988
3000
3004
3022
3026
3029
3033
3036
3040
3044
3047
3052
3054
3056
3065
3073
3078
3085
3090
3096
3108
3117
3119
3184
3220
3232
3234
3238
2929
2940
2943
2944
2945
2946
2956
2960
2966
2974
2977
2985
2986
2988
2993
3000
3010
3026
3029
3033
3054
3056
3073
3078
3080
3084
3090
3096
3104
3117
3119
3174
3195
3220
3243
3257
2931
2944
2945
2956
2993
2994
3000
3014
3026
3029
3047
3084
3090
3104
3119
3174
3220
3232
3131
3180
3181
3251
2944
2960
2977
2986
2994
3026
3029
3042
3054
3056
3073
3078
3085
3090
3098
3119
3129
3137
3184
3238
3257
2938
2955
3016
3087
3107
3111
3136
3187
3189
3196
3198
3219
3236
3253
3255
3256
2935
2949
2983
2997
2999
3012
3020
3028
3063
3066
3072
2962
3001
3002
3075
3077
3171
3186
3244
3246
2949
2983
2997
2999
3012
3020
3063
3066
3072
2937
2965
2973
2989
2992
2998
3015
3027
3035
3038
3051
3060
3082
3101
3106
3113
3145
3152
3154
3160
3170
3172
3198
3224
3260
2973
2991
2992
2995
3011
3035
3051
3060
3076
3079
3082
3101
3115
3116
3145
3152
3170
3172
3179
3182
3201
3206
3224
3247
3252
3258
2955
2964
2965
3062
3087
3118
3182
3253
2970
2973
2992
3021
3027
3035
3049
3051
3070
3082
3094
3101
3102
3113
3116
3120
3132
3146
3148
3150
3152
3169
3179
3185
3201
3206
3239
3247
3252
2943
2944
2960
2966
2974
2981
2985
2986
2988
3054
3056
3064
3078
3096
3108
3117
3174
3195
3220
3232
3238
2955
2999
3068
2989
3136
3233
2944
2945
2960
2966
2969
2974
2986
3000
3022
3023
3029
3054
3056
3065
3073
3078
3085
3096
3108
3135
3213
3220
3226
3228
3232
3243
2945
2953
2956
2960
2966
2969
2974
2978
2981
3000
3004
3022
3023
3025
3026
3056
3064
3065
3073
3078
3084
3085
3090
3098
3104
3108
3129
3135
3142
3149
3153
3158
3195
3213
3220
3226
3232
3243
3257
2956
2960
2974
2977
3000
3023
3026
3029
3056
3073
3090
3098
3135
3158
3163
3213
3220
3243
3257
2952
2956
2957
2961
2969
2986
2996
3000
3033
3054
3065
3085
3097
3104
3117
3119
3124
3149
3173
3174
3211
3215
3228
2951
2962
3001
3019
3062
3100
3154
3162
3168
3177
3233
3023
3052
3065
3184
3193
3234
2983
2997
2999
3012
3020
3028
3063
3066
3083
3126
3128
3155
2976
3035
3060
3070
3075
3076
3087
3101
3107
3113
3115
3116
3144
3150
3152
3172
3182
3185
3189
3191
3198
3219
3246
3256
3258
3259
2955
2984
2989
2990
3001
3002
3007
3016
3017
3018
3019
3020
3034
3038
3051
3075
3077
3082
3086
3087
3097
3100
3103
3106
3107
3118
3120
3150
3154
3159
3162
3168
3171
3176
3191
3196
3198
3203
3207
3214
3219
3224
3233
3240
3241
3252
3253
3259
3045
2969
2988
3000
3014
3026
3052
3073
3084
3090
3104
3119
3238
3190
3215
3221
3248
2999
3018
3032
3067
3087
3136
3187
3196
3219
3221
3236
3253
3255
3256
2960
2966
2969
2977
2981
2985
2986
2987
2988
2993
2994
3000
3014
3022
3026
3029
3040
3047
3078
3084
3090
3104
3114
3117
3119
3123
3166
3174
3184
3195
3220
3232
3238
3243
2964
3011
3061
3081
3196
3254
2976
3001
3009
3011
3019
3048
3076
3079
3100
3111
3124
3160
3178
3179
3182
2972
2982
3008
2966
2969
2974
2985
2986
2988
3000
3004
3014
3022
3033
3040
3047
3056
3064
3065
3073
3078
3096
3104
3108
3117
3119
3129
3149
3153
3158
3174
3184
3226
3228
3232
3250
2967
3098
3227
3001
3077
3091
3244
3036
3042
3084
2979
3001
3038
3051
3057
3062
3157
3005
3051
3060
3107
3148
3162
3242
2985
2986
2987
2993
2994
3000
3014
3022
3026
3033
3040
3047
3052
3054
3056
3065
3078
3084
3085
3090
3096
3098
3104
3108
3117
3119
3142
3149
3158
3163
3166
3174
3195
3226
3232
3237
3238
3250
3257
3004
3023
3054
3092
3213
3234
3011
3020
3077
3097
3161
3258
2974
2986
3000
3033
3036
3054
3056
3065
3078
3085
3096
3098
3104
3108
3117
3184
3195
3220
3021
3035
3049
3070
3082
3101
3102
3106
3115
3116
3120
3132
3146
3150
3169
3179
3185
3201
3206
3239
3247
3252
3008
2976
2989
2992
3021
3035
3038
3041
3046
3049
3051
3060
3070
3082
3089
3101
3106
3115
3116
3120
3132
3146
3152
3154
3160
3169
3201
3206
3212
3223
3239
3240
3247
3252
2986
2994
3023
3054
3056
3073
3078
3096
3108
3149
3158
3174
3213
3220
3105
2989
3017
3060
3076
3089
3111
3118
3160
3172
3182
3185
3258
2993
3000
3014
3029
3084
3104
3119
3129
3166
3238
3243
3257
3010
3045
3059
3080
3090
3104
3130
3139
3231
3081
3101
3201
3025
3036
3042
3073
3114
3119
3123
3130
3137
3158
3232
3008
2997
2999
3012
3020
3028
3063
3066
3072
3083
3128
3155
2992
3027
3107
3118
3191
3192
3206
3223
2986
2993
2994
3022
3033
3040
3047
3052
3054
3064
3078
3108
3142
3149
3174
3226
3232
2988
3000
3004
3014
3022
3029
3033
3036
3047
3054
3056
3064
3065
3073
3078
3085
3096
3098
3108
3114
3149
3166
3174
3184
3195
3220
3226
3228
3232
3238
2993
3014
3025
3026
3052
3084
3090
3104
3114
3123
3137
3149
3158
3163
3166
3195
2994
3000
3022
3025
3026
3036
3073
3078
3084
3090
3104
3119
3123
3135
3142
3158
3166
3232
3234
2992
3038
3041
3046
3051
3070
3075
3082
3087
3089
3101
3106
3116
3120
3150
3154
3160
3198
3240
3247
3249
3252
3007
3154
3191
3207
3241
2992
3035
3049
3051
3060
3070
3082
3101
3102
3106
3113
3116
3132
3145
3146
3152
3169
3172
3185
3201
3204
3239
3247
3252
3017
3027
3035
3051
3060
3079
3082
3101
3102
3106
3107
3113
3120
3132
3145
3169
3172
3191
3199
3201
3204
3206
3224
3240
3247
3252
2994
3014
3026
3029
3033
3047
3084
3090
3104
3119
3123
3135
3137
3149
3158
3163
3166
3195
3226
3232
3238
3257
3014
3029
3033
3040
3047
3073
3078
3084
3090
3104
3108
3114
3119
3135
3149
3166
3174
3051
3061
3062
3168
3170
3233
3027
3038
3097
3117
3136
3140
3190
3196
3201
3214
3224
3012
3020
3063
3072
3081
3155
3157
3020
3066
3072
3083
3128
3136
3222
3240
3253
3023
3025
3026
3029
3054
3056
3073
3078
3084
3085
3090
3096
3104
3117
3119
3123
3135
3149
3158
3166
3174
3213
3220
3226
3232
3238
3257
3019
3062
3154
3159
3162
3168
3178
3207
3223
3233
3244
3245
3246
3007
3019
3027
3034
3051
3072
3076
3077
3082
3086
3087
3089
3100
3113
3118
3150
3154
3162
3168
3176
3177
3186
3191
3207
3214
3221
3224
3233
3249
3022
3023
3054
3078
3104
3117
3226
3232
3010
3011
3017
3027
3039
3057
3060
3072
3101
3111
3113
3118
3136
3145
3150
3151
3165
3172
3185
3198
3214
3254
3101
3154
3188
3191
3241
3247
3252
3027
3035
3082
3109
3116
3204
3206
3214
3025
3026
3030
3033
3036
3080
3090
3104
3137
3231
3019
3061
3076
3079
3081
3160
3179
3182
3196
3245
3254
3258
3020
3028
3072
3155
3041
3046
3060
3109
3175
3188
3194
3209
3212
3260
3026
3029
3052
3084
3090
3104
3149
3184
3232
3107
3075
3082
3113
3144
3154
3169
3171
3208
3214
3239
3252
3027
3038
3051
3060
3076
3082
3093
3101
3111
3118
3145
3152
3172
3182
3185
3192
3198
3201
3224
3225
3258
3019
3035
3086
3100
3103
3136
3154
3162
3168
3233
3248
3259
3024
3051
3062
3068
3076
3077
3079
3086
3100
3113
3118
3133
3154
3160
3162
3168
3176
3177
3186
3203
3207
3210
3233
3063
3072
3083
3117
3136
3196
3201
3205
3258
3035
3049
3070
3082
3101
3102
3115
3116
3132
3146
3152
3169
3182
3201
3206
3239
3247
3252
3025
3026
3033
3040
3047
3052
3054
3064
3078
3090
3096
3098
3108
3117
3142
3149
3166
3174
3184
3195
3226
3232
3052
3056
3184
3193
3213
3232
3234
3051
3107
3133
3160
3225
3233
3026
3029
3036
3073
3080
3084
3090
3104
3114
3119
3123
3135
3137
3158
3166
3231
3238
3257
3033
3036
3047
3052
3078
3084
3090
3096
3098
3104
3114
3119
3123
3137
3139
3158
3166
3184
3195
3213
3226
3232
3234
3238
3257
3038
3051
3072
3097
3101
3107
3113
3116
3117
3136
3140
3150
3152
3192
3198
3214
3217
3253
3063
3072
3155
3073
3084
3085
3090
3104
3119
3129
3174
3220
3238
3257
3080
3084
3231
3140
3167
3187
3196
3236
3253
3255
3256
3259
3040
3052
3054
3056
3064
3065
3078
3080
3085
3096
3098
3108
3117
3119
3142
3149
3163
3174
3195
3226
3228
3232
3238
3250
3038
3043
3067
3070
3072
3079
3082
3089
3101
3118
3152
3178
3217
3038
3049
3051
3070
3082
3101
3102
3113
3115
3116
3120
3132
3145
3146
3150
3152
3169
3179
3182
3185
3198
3201
3204
3206
3211
3235
3239
3247
3252
3073
3080
3084
3090
3104
3114
3123
3137
3166
3231
3049
3051
3060
3075
3081
3082
3089
3093
3101
3106
3116
3120
3140
3150
3152
3154
3177
3197
3198
3203
3204
3209
3212
3224
3240
3247
3252
3258
3260
3076
3111
3172
3185
3199
3225
3047
3064
3065
3090
3096
3098
3108
3117
3142
3149
3174
3195
3226
3232
3046
3058
3089
3101
3140
3188
3194
3209
3240
3090
3095
3114
3137
3237
3257
3093
3097
3110
3248
3119
3232
3059
3058
3076
3089
3106
3109
3140
3146
3188
3209
3212
3248
3260
3064
3078
3090
3096
3098
3142
3149
3226
3232
3138
3178
3185
3208
3070
3078
3082
3097
3101
3102
3106
3113
3115
3116
3120
3132
3146
3150
3152
3169
3179
3185
3188
3201
3206
3239
3247
3252
3171
3214
3256
3060
3075
3082
3101
3102
3106
3113
3116
3132
3140
3145
3152
3154
3160
3162
3168
3170
3172
3182
3185
3186
3198
3201
3204
3224
3240
3252
3260
3090
3104
3149
3184
3193
3202
3226
3232
3234
3237
3105
3122
3141
3200
3216
3218
3056
3064
3065
3078
3084
3085
3096
3114
3119
3149
3153
3174
3184
3195
3226
3228
3232
3243
3074
3127
3147
3065
3073
3078
3085
3096
3098
3117
3129
3135
3184
3193
3195
3220
3226
3228
3232
3061
3164
3222
3188
3209
3212
3076
3079
3082
3101
3102
3111
3112
3113
3116
3132
3140
3145
3150
3152
3172
3179
3182
3185
3199
3201
3209
3258
3260
3081
3069
3100
3154
3162
3168
3177
3219
3233
3072
3155
3065
3078
3096
3098
3108
3142
3149
3163
3174
3195
3226
3232
3078
3085
3096
3108
3174
3184
3195
3226
3228
3232
3072
3083
3126
3128
3155
3079
3089
3157
3164
3189
3086
3154
3162
3168
3176
3088
3140
3154
3162
3168
3191
3082
3101
3106
3116
3120
3132
3140
3146
3150
3152
3154
3169
3198
3201
3206
3239
3240
3247
3252
3086
3097
3101
3118
3150
3152
3155
3192
3211
3212
3214
3248
3253
3078
3114
3119
3135
3137
3158
3163
3220
3232
3127
3147
3097
3198
3079
3082
3101
3111
3113
3115
3116
3132
3136
3145
3150
3152
3172
3179
3182
3185
3199
3201
3204
3206
3225
3258
3086
3091
3103
3118
3125
3154
3162
3168
3176
3177
3203
3207
3223
3233
3241
3244
3253
3085
3090
3096
3098
3104
3108
3117
3129
3142
3149
3174
3195
3226
3232
3250
3160
3172
3179
3182
3258
3090
3104
3137
3231
3138
3196
3208
3259
3101
3106
3113
3115
3116
3120
3132
3140
3145
3146
3148
3150
3152
3169
3172
3182
3185
3191
3198
3201
3203
3204
3206
3224
3239
3240
3247
3252
3260
3126
3128
3090
3104
3114
3119
3123
3130
3137
3149
3158
3166
3232
3238
3243
3257
3108
3129
3193
3228
3232
3238
3250
3103
3136
3154
3162
3168
3176
3177
3207
3233
3241
3107
3136
3187
3196
3219
3236
3249
3253
3255
3256
3116
3208
3101
3106
3109
3116
3118
3120
3160
3188
3194
3209
3212
3240
3252
3260
3104
3114
3119
3123
3137
3139
3142
3158
3163
3195
3220
3229
3231
3232
3238
3250
3257
3104
3213
3226
3237
3154
3171
3177
3204
3145
3204
3137
3139
3143
3153
3098
3108
3142
3149
3163
3174
3184
3195
3226
3232
3101
3107
3117
3124
3136
3150
3157
3177
3214
3215
3236
3108
3117
3119
3129
3142
3149
3195
3226
3232
3242
3111
3118
3145
3154
3162
3168
3179
3182
3233
3102
3106
3110
3113
3115
3116
3120
3132
3140
3145
3146
3150
3152
3155
3169
3179
3182
3185
3188
3198
3201
3206
3214
3224
3225
3239
3240
3247
3252
3253
3116
3132
3145
3146
3150
3152
3169
3179
3185
3201
3239
3247
3252
3136
3150
3176
3207
3241
3114
3119
3123
3130
3137
3232
3243
3122
3141
3200
3218
3251
3116
3120
3146
3154
3160
3169
3191
3198
3201
3203
3224
3239
3240
3247
3252
3117
3154
3186
3187
3198
3215
3219
3242
3246
3149
3195
3226
3232
3250
3188
3212
3260
3138
3178
3118
3136
3145
3150
3157
3172
3185
3189
3219
3224
3225
3240
3253
3172
3185
3115
3120
3132
3145
3148
3162
3169
3179
3182
3198
3201
3204
3252
3119
3123
3137
3139
3166
3231
3116
3124
3132
3150
3152
3179
3182
3185
3198
3201
3224
3247
3252
3259
3120
3132
3146
3148
3150
3152
3169
3170
3179
3182
3185
3188
3198
3201
3206
3212
3214
3239
3247
3252
3258
3124
3173
3174
3195
3213
3214
3215
3228
3237
3145
3160
3162
3168
3172
3233
3123
3135
3158
3166
3174
3232
3238
3257
3132
3146
3150
3154
3169
3191
3198
3201
3206
3207
3224
3239
3240
3247
3252
3141
3200
3218
3135
3137
3158
3166
3231
3257
3173
3185
3196
3205
3215
3256
3128
3147
3226
3228
3257
3180
3181
3251
3145
3146
3150
3152
3154
3169
3179
3185
3188
3201
3206
3212
3239
3247
3252
3253
3260
3233
3158
3166
3220
3171
3187
3189
3196
3198
3214
3219
3233
3253
3256
3259
3139
3149
3158
3166
3228
3229
3231
3232
3257
3152
3178
3208
3211
3153
3229
3231
3145
3154
3161
3177
3179
3182
3194
3203
3214
3219
3225
3240
3255
3200
3216
3218
3163
3174
3195
3213
3226
3232
3250
3153
3162
3214
3235
3255
3169
3172
3182
3185
3199
3201
3204
3206
3255
3260
3152
3169
3198
3201
3206
3239
3247
3252
3215
3242
3254
3163
3174
3193
3195
3226
3232
3237
3151
3152
3154
3169
3179
3185
3188
3198
3201
3223
3247
3252
3253
3214
3169
3172
3182
3185
3188
3192
3198
3201
3204
3235
3239
3247
3252
3258
3229
3160
3162
3168
3177
3179
3188
3191
3207
3223
3233
3240
3252
3253
3256
3187
3255
3256
3163
3166
3195
3220
3232
3238
3168
3186
3240
3176
3225
3245
3168
3176
3177
3191
3203
3207
3233
3255
3166
3195
3226
3174
3232
3238
3177
3210
3236
3255
3256
3176
3177
3179
3191
3207
3233
3179
3198
3201
3239
3247
3252
3172
3185
3211
3208
3214
3179
3182
3185
3198
3199
3201
3204
3225
3258
3210
3221
3184
3195
3226
3232
3188
3194
3207
3223
3225
3233
3241
3186
3203
3204
3207
3233
3241
3208
3211
3182
3185
3188
3201
3205
3247
3253
3258
3181
3251
3251
3185
3198
3204
3225
3258
3193
3213
3226
3234
3198
3201
3225
3191
3233
3246
3196
3240
3249
3253
3255
3256
3194
3201
3206
3209
3212
3247
3252
3253
3260
3198
3219
3259
3221
3248
3203
3223
3233
3240
3258
3198
3234
3209
3212
3260
3226
3232
3250
3221
3236
3253
3255
3256
3216
3224
3199
3201
3204
3219
3252
3253
3255
3259
3259
3216
3218
3204
3206
3239
3247
3252
3232
3208
3210
3224
3233
3240
3242
3245
3239
3240
3247
3252
3223
3233
3241
3252
3214
3212
3260
3233
3215
3240
3220
3234
3219
3221
3248
3249
3253
3224
3239
3255
3256
3259
3232
3248
3249
3245
3241
3244
3239
3240
3252
3260
3232
3231
3234
3237
3257
3240
3244
3237
3253
3256
3257
3240
3247
3252
3247
3252
3246
3252
3255
3256
3256
