1133
1134
1135
1136
1137
1138
1139
1140
1141
1142
1143
1144
1145
1146
1147
1148
1149
1150
1151
1152
1153
1154
1155
1156
1157
1158
1159
1160
1161
1162
1163
1164
1165
1166
1167
1168
1169
1170
1171
1172
1173
1174
1175
1176
1177
1178
1179
1180
1181
1182
1183
1184
1185
1186
1187
1188
1189
1190
1191
1192
1193
1194
1195
1196
1197
1198
1199
1200
1201
1202
1203
1204
1205
1206
1207
1208
1209
1210
1211
1212
1213
1214
1215
1216
1217
1218
1219
1220
1221
1222
1223
1224
1225
1226
1227
1228
1229
1230
1231
1232
1233
1234
1235
1236
1237
1238
1239
1240
1241
1242
1243
1244
1245
1246
1247
1248
1249
1250
1251
1252
1253
1254
1255
1256
1257
1258
1259
1260
1261
1262
1263
1264
1265
1266
1267
1268
1269
1270
1271
1272
1273
1274
1275
1276
1277
1278
1279
1280
1281
1282
1283
1284
1285
1286
1287
1288
1289
1290
1291
1292
1293
1294
1295
1296
1297
1298
1299
1300
1301
1302
1303
1304
1305
1306
1307
1308
1309
1310
1311
1312
1313
1314
1315
1316
1317
1318
1319
1320
1321
1322
1323
1324
1325
1326
1327
1328
1329
1330
1331
1332
1333
1334
1335
1336
1337
1338
1339
1340
1341
1342
1343
1344
1345
1346
1347
1348
1349
1350
1351
1352
1353
1354
1355
1356
1357
1358
1359
1360
1361
1362
1363
1364
1365
1366
1367
1368
1369
1370
1371
1372
1373
1374
1375
1376
1377
1378
1379
1380
1381
1382
1383
1384
1385
1386
1387
1388
1389
1390
1391
1392
1393
1394
1395
1396
1397
1398
1399
1400
1401
1402
1403
1404
1405
1406
1407
1408
1409
1410
1411
1412
1413
1414
1415
1416
1417
1418
1419
1420
1421
1422
1423
1424
1425
1426
1427
1428
1429
1430
1431
1432
1433
1434
1435
1436
1437
1438
1439
1440
1441
1442
1443
1444
1445
1446
1447
1448
1449
1450
1451
1452
1453
1454
1455
1456
1457
1458
1459
1460
1461
1462
1463
1464
1465
1466
1467
1468
1469
1470
1471
1472
1473
1474
1475
1476
1477
1478
1479
1480
1481
1482
1483
1484
1485
1486
1487
1488
1489
1490
1491
1492
1493
1494
1495
1496
1497
1498
1499
1500
1501
1502
1503
1504
1505
1506
1507
1508
1509
1510
1511
1512
1513
1514
1515
1516
1517
1518
1519
1520
1521
1522
1523
1524
1525
1526
1527
1528
1529
1530
1531
1532
1533
1534
1535
1536
1537
1538
1539
1540
1541
1542
1543
1544
1545
1546
1547
1548
1549
1550
1551
1552
1553
1554
1555
1556
1557
1558
1559
1560
1561
1562
1563
1564
1565
1566
1567
1568
1569
1570
1571
1572
1573
1574
1575
1576
1577
1578
1579
1580
1581
1582
1583
1584
1585
1586
1587
1588
1589
1590
1591
1592
1593
1594
1595
1596
1597
1598
1599
1600
1171
1193
1297
1387
1486
1549
1155
1237
1313
1320
1349
1358
1374
1397
1425
1427
1475
1487
1512
1514
1529
1543
1574
1155
1179
1237
1318
1320
1332
1349
1358
1374
1400
1425
1427
1506
1512
1514
1529
1536
1545
1574
1142
1155
1179
1237
1300
1313
1320
1349
1358
1374
1397
1400
1408
1427
1446
1490
1512
1514
1549
1574
1179
1300
1313
1343
1357
1358
1374
1487
1536
1189
1259
1275
1296
1348
1385
1415
1428
1469
1472
1473
1496
1507
1545
1237
1311
1179
1210
1226
1237
1300
1313
1320
1358
1374
1408
1425
1446
1512
1536
1545
1549
1574
1155
1179
1237
1300
1313
1320
1332
1358
1374
1425
1427
1435
1514
1536
1545
1549
1142
1148
1155
1158
1166
1179
1192
1204
1210
1237
1245
1261
1273
1277
1281
1282
1284
1294
1300
1303
1309
1313
1318
1320
1324
1332
1349
1357
1358
1373
1374
1382
1392
1396
1397
1400
1406
1408
1425
1427
1429
1446
1454
1455
1464
1473
1475
1487
1490
1492
1495
1508
1512
1514
1515
1536
1543
1545
1565
1574
1582
1595
1155
1160
1173
1179
1217
1223
1237
1238
1300
1313
1320
1349
1357
1358
1374
1397
1408
1422
1487
1506
1512
1514
1536
1543
1545
1574
1598
1179
1237
1268
1313
1320
1358
1374
1446
1487
1512
1514
1543
1574
1179
1191
1209
1217
1226
1237
1242
1250
1265
1278
1290
1320
1329
1334
1344
1357
1358
1367
1377
1393
1407
1416
1435
1444
1487
1519
1528
1540
1557
1574
1584
1600
1179
1223
1226
1237
1313
1320
1349
1358
1374
1400
1408
1487
1543
1545
1565
1574
1136
1217
1338
1574
1155
1237
1313
1320
1358
1435
1512
1536
1574
1142
1155
1179
1210
1237
1294
1300
1313
1318
1320
1332
1349
1358
1374
1427
1446
1514
1543
1565
1574
1148
1215
1229
1233
1235
1311
1322
1345
1412
1515
1576
1349
1512
1179
1183
1210
1300
1313
1314
1318
1320
1334
1349
1357
1358
1371
1374
1436
1444
1487
1490
1512
1514
1536
1548
1565
1574
1223
1400
1142
1143
1148
1155
1179
1189
1192
1204
1277
1300
1313
1318
1320
1324
1332
1358
1374
1423
1427
1429
1436
1448
1464
1473
1475
1479
1487
1512
1526
1536
1543
1545
1573
1574
1578
1584
1595
1179
1210
1231
1235
1237
1273
1300
1313
1318
1320
1332
1358
1374
1400
1425
1436
1446
1448
1459
1475
1549
1565
1573
1574
1169
1179
1223
1318
1320
1357
1358
1374
1408
1428
1473
1487
1512
1526
1536
1545
1565
1574
1148
1158
1170
1190
1192
1204
1215
1221
1227
1229
1231
1235
1257
1261
1273
1277
1282
1284
1286
1292
1298
1303
1315
1322
1324
1345
1347
1350
1373
1379
1381
1392
1396
1404
1413
1417
1423
1426
1432
1438
1448
1454
1459
1462
1475
1479
1495
1502
1515
1550
1573
1576
1578
1583
1587
1591
1595
1596
1160
1173
1191
1205
1214
1219
1256
1280
1305
1312
1323
1329
1331
1361
1376
1388
1398
1409
1420
1447
1449
1458
1460
1467
1470
1480
1483
1513
1519
1522
1530
1535
1553
1570
1590
1166
1261
1273
1277
1282
1309
1316
1373
1382
1396
1406
1454
1515
1595
1133
1442
1136
1261
1307
1494
1553
1137
1186
1216
1232
1314
1319
1333
1363
1371
1378
1452
1468
1493
1533
1548
1568
1148
1158
1190
1192
1204
1227
1235
1257
1277
1279
1298
1322
1345
1347
1379
1426
1438
1448
1459
1462
1479
1573
1576
1591
1596
1137
1186
1216
1232
1314
1319
1333
1363
1371
1378
1452
1468
1493
1533
1548
1568
1224
1217
1226
1237
1263
1408
1422
1487
1536
1175
1184
1199
1205
1209
1222
1242
1243
1250
1256
1269
1278
1323
1344
1352
1367
1375
1376
1377
1390
1407
1431
1471
1480
1520
1528
1547
1551
1554
1557
1570
1572
1600
1155
1172
1420
1464
1136
1144
1187
1203
1274
1307
1325
1327
1337
1360
1421
1433
1465
1511
1518
1537
1555
1567
1588
1593
1197
1368
1384
1436
1357
1422
1536
1135
1173
1183
1217
1222
1238
1247
1357
1366
1377
1408
1436
1444
1453
1487
1497
1561
1575
1217
1247
1408
1453
1574
1575
1142
1155
1192
1294
1408
1425
1427
1446
1487
1545
1549
1565
1574
1149
1153
1156
1163
1172
1175
1182
1184
1191
1199
1207
1211
1214
1222
1230
1238
1250
1255
1256
1267
1269
1271
1280
1285
1287
1288
1289
1290
1293
1294
1302
1305
1312
1329
1330
1331
1335
1361
1365
1370
1376
1380
1390
1399
1402
1409
1431
1456
1471
1483
1509
1516
1522
1523
1524
1530
1547
1551
1554
1557
1559
1563
1571
1580
1584
1589
1597
1598
1158
1159
1166
1167
1183
1204
1216
1217
1221
1225
1235
1241
1245
1246
1260
1261
1273
1275
1277
1281
1282
1296
1299
1303
1309
1314
1316
1324
1338
1366
1371
1373
1382
1396
1406
1412
1418
1429
1436
1444
1451
1454
1469
1472
1481
1502
1503
1504
1507
1515
1525
1531
1533
1536
1541
1569
1582
1595
1245
1261
1277
1303
1373
1396
1495
1582
1182
1334
1369
1376
1447
1477
1484
1584
1135
1146
1164
1182
1185
1195
1199
1222
1230
1243
1255
1269
1272
1290
1291
1312
1323
1329
1334
1341
1352
1361
1367
1369
1375
1376
1377
1389
1390
1391
1393
1399
1404
1407
1420
1431
1467
1471
1509
1516
1520
1522
1535
1540
1551
1554
1557
1563
1570
1584
1589
1199
1305
1312
1341
1398
1399
1449
1458
1467
1480
1590
1178
1193
1317
1369
1505
1141
1159
1170
1188
1228
1236
1258
1260
1275
1304
1308
1310
1338
1355
1366
1412
1469
1472
1482
1496
1500
1525
1536
1549
1146
1149
1172
1175
1180
1181
1184
1185
1196
1198
1199
1209
1211
1214
1222
1242
1243
1250
1265
1267
1269
1290
1291
1302
1312
1323
1334
1335
1339
1340
1344
1352
1365
1367
1375
1376
1377
1390
1399
1416
1420
1431
1449
1456
1460
1471
1485
1491
1509
1516
1520
1523
1524
1530
1538
1539
1547
1551
1554
1557
1559
1563
1570
1572
1584
1589
1590
1597
1598
1600
1151
1191
1255
1256
1280
1409
1509
1146
1153
1175
1182
1185
1195
1214
1243
1255
1265
1269
1290
1312
1329
1334
1352
1367
1369
1376
1377
1405
1420
1460
1467
1513
1520
1528
1530
1551
1554
1563
1570
1584
1589
1590
1144
1174
1328
1494
1317
1505
1142
1155
1210
1294
1318
1332
1349
1358
1374
1400
1408
1425
1427
1446
1464
1514
1526
1549
1565
1574
1212
1343
1453
1566
1156
1172
1173
1191
1205
1211
1238
1256
1269
1302
1329
1330
1331
1370
1388
1399
1409
1420
1440
1447
1483
1488
1509
1517
1535
1571
1580
1589
1594
1215
1241
1261
1273
1502
1503
1573
1146
1155
1175
1185
1199
1211
1243
1267
1269
1291
1302
1305
1329
1334
1352
1367
1376
1377
1390
1391
1399
1420
1431
1456
1467
1471
1491
1508
1509
1516
1522
1538
1551
1559
1584
1589
1597
1393
1531
1155
1179
1223
1237
1300
1320
1358
1374
1506
1512
1574
1248
1264
1216
1232
1314
1319
1333
1363
1378
1424
1452
1468
1493
1533
1548
1568
1154
1212
1295
1342
1356
1425
1453
1478
1497
1545
1566
1139
1221
1236
1259
1338
1418
1425
1469
1472
1504
1541
1227
1235
1257
1273
1277
1281
1282
1303
1379
1404
1406
1412
1429
1454
1462
1502
1573
1582
1596
1148
1166
1204
1215
1245
1261
1282
1284
1303
1309
1316
1324
1347
1373
1396
1404
1406
1451
1454
1495
1502
1503
1508
1515
1582
1595
1167
1168
1189
1225
1236
1244
1304
1308
1536
1159
1169
1249
1258
1260
1275
1306
1338
1366
1428
1469
1472
1504
1525
1536
1406
1146
1149
1153
1163
1172
1181
1182
1184
1185
1196
1199
1207
1209
1211
1238
1242
1243
1250
1255
1267
1272
1287
1289
1302
1305
1312
1330
1331
1339
1344
1352
1361
1365
1367
1369
1370
1375
1376
1377
1390
1391
1398
1399
1402
1405
1416
1420
1431
1449
1456
1467
1480
1485
1488
1491
1509
1516
1522
1530
1532
1538
1539
1547
1554
1557
1559
1563
1570
1580
1584
1589
1590
1597
1598
1135
1156
1184
1185
1199
1211
1230
1242
1243
1250
1267
1269
1272
1287
1291
1302
1305
1329
1341
1352
1365
1367
1376
1377
1390
1391
1399
1416
1420
1431
1449
1467
1471
1491
1509
1516
1522
1528
1539
1551
1559
1562
1563
1584
1589
1590
1597
1598
1142
1237
1313
1318
1320
1332
1358
1427
1446
1464
1487
1526
1543
1549
1565
1574
1189
1226
1259
1348
1415
1428
1472
1507
1529
1536
1541
1136
1337
1410
1445
1494
1537
1555
1161
1274
1325
1327
1337
1445
1511
1523
1540
1149
1156
1184
1185
1199
1211
1230
1250
1267
1269
1290
1291
1302
1341
1352
1365
1367
1376
1377
1390
1391
1399
1420
1431
1467
1491
1516
1522
1530
1539
1554
1557
1572
1584
1589
1597
1135
1156
1160
1163
1172
1173
1191
1199
1201
1205
1214
1222
1230
1238
1243
1256
1271
1280
1289
1323
1330
1331
1336
1359
1361
1370
1377
1389
1390
1391
1409
1431
1447
1456
1470
1471
1483
1487
1488
1509
1517
1520
1530
1551
1553
1559
1563
1571
1580
1589
1590
1166
1227
1235
1245
1273
1277
1281
1282
1303
1324
1373
1382
1396
1479
1495
1502
1515
1591
1595
1197
1254
1368
1138
1177
1218
1403
1499
1548
1148
1158
1170
1190
1192
1204
1227
1231
1235
1257
1277
1284
1286
1292
1298
1315
1322
1345
1347
1379
1381
1392
1404
1413
1423
1432
1438
1459
1462
1475
1479
1550
1573
1576
1578
1583
1591
1596
1137
1186
1216
1232
1319
1333
1371
1452
1468
1493
1533
1548
1153
1160
1163
1199
1201
1205
1207
1238
1256
1271
1285
1288
1330
1359
1370
1380
1391
1402
1409
1447
1456
1457
1483
1519
1551
1598
1153
1156
1163
1175
1199
1207
1211
1214
1238
1256
1271
1272
1285
1287
1288
1289
1291
1302
1305
1331
1336
1370
1388
1390
1398
1399
1409
1431
1447
1449
1456
1471
1480
1488
1519
1527
1542
1547
1551
1559
1571
1584
1598
1197
1283
1301
1327
1505
1142
1210
1212
1234
1235
1294
1425
1453
1487
1545
1549
1574
1137
1216
1232
1314
1319
1333
1363
1371
1378
1452
1468
1493
1533
1548
1568
1213
1259
1278
1311
1373
1415
1428
1469
1482
1507
1188
1225
1275
1299
1304
1500
1536
1153
1163
1172
1181
1184
1185
1191
1199
1211
1219
1222
1230
1238
1256
1271
1285
1288
1289
1291
1302
1305
1330
1331
1335
1336
1341
1351
1352
1361
1367
1370
1380
1390
1399
1416
1431
1449
1456
1457
1471
1488
1491
1516
1522
1547
1556
1559
1572
1584
1589
1146
1149
1175
1182
1195
1230
1238
1243
1250
1255
1265
1272
1290
1293
1305
1312
1329
1334
1352
1361
1365
1367
1369
1376
1377
1390
1402
1405
1420
1431
1441
1467
1480
1484
1485
1509
1516
1520
1522
1523
1524
1528
1554
1557
1559
1563
1570
1584
1589
1590
1172
1183
1217
1334
1343
1364
1429
1435
1436
1444
1487
1523
1536
1540
1584
1170
1261
1282
1303
1396
1406
1451
1502
1573
1307
1360
1433
1511
1555
1567
1158
1204
1215
1241
1247
1273
1282
1347
1429
1489
1495
1502
1503
1591
1238
1256
1285
1288
1359
1431
1488
1150
1178
1272
1321
1327
1369
1461
1505
1561
1597
1134
1228
1236
1366
1192
1204
1227
1231
1235
1277
1279
1292
1298
1322
1345
1347
1379
1404
1423
1426
1438
1448
1459
1462
1473
1475
1479
1502
1573
1576
1583
1587
1591
1596
1349
1358
1374
1514
1574
1169
1189
1225
1249
1258
1260
1304
1306
1338
1348
1428
1482
1146
1184
1185
1191
1198
1199
1205
1209
1222
1243
1255
1269
1272
1274
1305
1323
1329
1330
1331
1351
1352
1367
1376
1377
1389
1391
1399
1431
1435
1439
1440
1471
1484
1488
1491
1509
1516
1520
1522
1535
1537
1547
1551
1554
1557
1559
1589
1138
1177
1218
1403
1499
1562
1146
1164
1175
1182
1185
1191
1195
1199
1209
1211
1222
1230
1239
1242
1243
1267
1269
1272
1290
1305
1312
1323
1329
1331
1334
1344
1351
1352
1361
1367
1376
1377
1393
1399
1422
1431
1449
1460
1467
1484
1491
1516
1520
1547
1551
1554
1557
1559
1563
1570
1584
1589
1192
1204
1227
1231
1235
1257
1279
1292
1298
1322
1347
1379
1404
1426
1438
1448
1459
1462
1475
1479
1502
1573
1583
1587
1596
1153
1163
1199
1207
1211
1256
1269
1271
1288
1291
1302
1331
1336
1346
1370
1380
1390
1391
1399
1409
1456
1457
1488
1491
1516
1522
1537
1547
1589
1598
1153
1156
1163
1199
1211
1238
1256
1271
1285
1288
1289
1331
1336
1341
1370
1380
1390
1399
1402
1409
1456
1457
1488
1542
1547
1166
1192
1204
1215
1245
1261
1273
1282
1373
1382
1396
1459
1495
1502
1582
1591
1304
1225
1236
1299
1304
1308
1355
1536
1177
1240
1371
1190
1192
1204
1221
1227
1231
1235
1277
1279
1298
1303
1322
1345
1347
1426
1438
1448
1459
1462
1479
1515
1573
1576
1583
1591
1596
1158
1227
1231
1235
1277
1322
1345
1413
1432
1462
1573
1583
1419
1450
1505
1534
1165
1177
1283
1312
1317
1467
1505
1561
1590
1216
1314
1333
1363
1371
1378
1424
1452
1468
1533
1548
1568
1135
1146
1149
1172
1175
1182
1184
1185
1191
1195
1199
1205
1209
1211
1214
1243
1255
1256
1267
1269
1287
1289
1290
1291
1302
1312
1329
1330
1335
1341
1352
1359
1361
1376
1377
1389
1390
1391
1399
1407
1409
1420
1431
1447
1460
1467
1470
1471
1484
1491
1509
1513
1516
1522
1530
1535
1539
1551
1554
1557
1559
1580
1584
1589
1590
1597
1598
1600
1159
1192
1217
1235
1258
1366
1426
1427
1435
1448
1459
1473
1479
1492
1525
1569
1573
1584
1160
1171
1173
1180
1201
1205
1214
1219
1238
1239
1243
1265
1271
1274
1280
1323
1330
1331
1334
1352
1361
1377
1388
1409
1419
1431
1447
1458
1460
1461
1470
1483
1488
1517
1519
1535
1540
1551
1553
1554
1559
1570
1580
1505
1146
1153
1160
1163
1172
1173
1180
1191
1199
1201
1205
1214
1222
1238
1243
1255
1256
1267
1280
1323
1330
1331
1336
1359
1361
1377
1388
1389
1391
1402
1409
1447
1456
1470
1471
1480
1483
1509
1517
1520
1535
1551
1559
1563
1570
1571
1580
1173
1330
1346
1537
1172
1181
1184
1185
1199
1211
1222
1230
1291
1335
1351
1352
1361
1367
1376
1399
1416
1431
1437
1439
1471
1491
1516
1530
1532
1538
1547
1551
1554
1584
1589
1134
1228
1304
1474
1155
1179
1180
1207
1217
1237
1349
1352
1357
1358
1374
1397
1422
1427
1487
1506
1512
1536
1542
1543
1208
1175
1184
1191
1242
1250
1255
1272
1293
1305
1331
1339
1340
1352
1367
1376
1380
1390
1391
1416
1420
1431
1435
1480
1484
1488
1513
1516
1520
1523
1539
1540
1557
1559
1563
1589
1597
1598
1600
1146
1149
1163
1181
1184
1185
1198
1199
1209
1211
1242
1250
1267
1287
1289
1290
1291
1302
1330
1331
1335
1339
1344
1352
1367
1375
1390
1391
1399
1416
1420
1431
1435
1437
1467
1471
1480
1491
1516
1522
1523
1524
1532
1538
1539
1547
1554
1557
1559
1584
1589
1597
1598
1600
1213
1259
1415
1469
1504
1507
1153
1156
1163
1172
1175
1191
1199
1201
1207
1211
1214
1219
1222
1230
1238
1242
1256
1271
1285
1287
1288
1289
1293
1302
1331
1335
1336
1341
1351
1352
1361
1367
1370
1376
1380
1388
1390
1391
1398
1399
1402
1431
1437
1449
1456
1471
1480
1488
1516
1522
1530
1542
1547
1551
1556
1559
1584
1598
1600
1170
1303
1393
1426
1429
1531
1573
1337
1357
1505
1148
1158
1204
1227
1229
1235
1257
1261
1277
1284
1322
1324
1345
1381
1392
1404
1423
1459
1475
1573
1583
1592
1596
1134
1141
1159
1170
1228
1275
1304
1308
1366
1412
1472
1496
1500
1525
1529
1549
1169
1189
1249
1258
1259
1260
1338
1348
1469
1472
1482
1504
1541
1155
1223
1237
1318
1320
1358
1400
1407
1436
1385
1465
1549
1574
1158
1166
1192
1204
1215
1227
1231
1235
1241
1245
1257
1261
1273
1277
1281
1282
1286
1292
1303
1309
1316
1322
1324
1345
1347
1373
1381
1382
1392
1396
1406
1423
1451
1454
1459
1462
1473
1495
1502
1508
1515
1573
1582
1583
1592
1595
1192
1229
1231
1235
1277
1298
1315
1322
1345
1423
1459
1462
1479
1495
1576
1583
1592
1138
1177
1218
1403
1499
1149
1153
1156
1163
1181
1184
1185
1187
1198
1199
1211
1219
1222
1230
1250
1267
1269
1287
1289
1291
1293
1302
1330
1331
1335
1336
1341
1351
1352
1361
1367
1370
1375
1380
1390
1391
1398
1399
1401
1416
1420
1431
1437
1449
1456
1457
1467
1471
1480
1491
1501
1516
1522
1530
1547
1551
1554
1557
1563
1584
1589
1597
1598
1148
1166
1192
1231
1261
1273
1277
1281
1282
1284
1286
1303
1309
1324
1373
1382
1396
1454
1479
1495
1508
1573
1578
1595
1192
1204
1221
1227
1229
1231
1235
1257
1277
1279
1298
1315
1322
1345
1347
1350
1413
1426
1432
1448
1459
1462
1475
1479
1578
1583
1587
1591
1596
1158
1166
1245
1261
1273
1277
1282
1286
1309
1316
1324
1373
1382
1396
1451
1454
1459
1475
1495
1502
1503
1508
1582
1591
1192
1204
1221
1227
1229
1231
1235
1257
1277
1281
1298
1303
1322
1334
1345
1350
1413
1423
1426
1432
1448
1459
1462
1475
1479
1495
1573
1578
1583
1587
1596
1445
1133
1153
1163
1199
1207
1211
1214
1238
1256
1267
1271
1285
1287
1288
1289
1291
1302
1305
1336
1339
1352
1370
1390
1398
1431
1442
1449
1456
1458
1471
1480
1488
1491
1501
1516
1530
1571
1584
1598
1189
1237
1324
1332
1334
1427
1429
1464
1487
1526
1536
1545
1146
1149
1155
1156
1164
1172
1175
1182
1185
1250
1290
1305
1312
1334
1352
1367
1369
1376
1377
1391
1409
1420
1431
1460
1509
1517
1520
1522
1554
1557
1559
1570
1584
1589
1590
1149
1163
1185
1209
1267
1287
1291
1305
1329
1352
1365
1375
1376
1377
1420
1449
1467
1471
1491
1509
1516
1520
1522
1523
1532
1559
1584
1589
1597
1153
1160
1165
1171
1173
1175
1201
1205
1214
1220
1222
1238
1256
1280
1323
1330
1346
1359
1377
1391
1409
1447
1460
1470
1483
1487
1513
1519
1535
1537
1551
1553
1557
1570
1577
1580
1598
1600
1197
1237
1252
1254
1368
1165
1166
1170
1192
1204
1215
1227
1235
1245
1247
1261
1273
1277
1281
1282
1286
1303
1309
1316
1324
1373
1382
1396
1406
1427
1429
1454
1473
1489
1495
1502
1503
1515
1582
1591
1595
1274
1307
1325
1360
1433
1511
1567
1283
1152
1159
1170
1221
1228
1246
1296
1412
1472
1496
1500
1525
1529
1531
1549
1148
1158
1192
1204
1221
1227
1229
1231
1235
1257
1277
1284
1298
1315
1322
1345
1350
1381
1404
1413
1426
1432
1448
1459
1462
1475
1479
1550
1573
1576
1583
1592
1596
1159
1170
1259
1275
1296
1299
1338
1412
1469
1472
1482
1504
1525
1529
1536
1541
1549
1161
1518
1160
1205
1211
1214
1271
1280
1331
1359
1388
1391
1447
1551
1153
1163
1199
1238
1256
1271
1285
1288
1289
1330
1331
1359
1370
1380
1390
1391
1402
1409
1456
1457
1519
1542
1547
1571
1584
1589
1598
1139
1169
1189
1213
1226
1246
1249
1259
1275
1306
1338
1348
1415
1428
1469
1472
1482
1496
1504
1507
1541
1167
1225
1299
1338
1366
1536
1197
1368
1384
1158
1221
1227
1235
1277
1279
1298
1315
1322
1392
1448
1459
1583
1596
1197
1337
1360
1368
1384
1593
1194
1586
1146
1160
1173
1191
1199
1222
1239
1243
1267
1290
1323
1327
1330
1352
1377
1389
1407
1420
1471
1509
1520
1523
1551
1554
1557
1559
1146
1149
1175
1182
1185
1191
1195
1209
1230
1265
1269
1287
1290
1305
1329
1331
1334
1341
1352
1365
1367
1376
1377
1391
1393
1399
1407
1409
1416
1420
1431
1449
1450
1467
1471
1484
1485
1509
1513
1519
1522
1528
1551
1553
1554
1557
1559
1563
1570
1584
1589
1590
1146
1184
1191
1209
1222
1230
1242
1243
1250
1269
1278
1290
1317
1329
1340
1344
1352
1367
1375
1376
1377
1390
1391
1393
1399
1407
1416
1431
1522
1523
1528
1534
1554
1557
1572
1589
1597
1266
1328
1441
1544
1564
1585
1152
1159
1166
1183
1188
1225
1228
1236
1258
1260
1275
1306
1310
1338
1355
1366
1444
1472
1473
1481
1496
1500
1525
1536
1569
1584
1159
1188
1217
1225
1226
1247
1259
1260
1299
1304
1310
1338
1343
1348
1355
1366
1408
1428
1436
1444
1453
1472
1482
1496
1504
1507
1525
1529
1536
1541
1138
1171
1183
1209
1242
1250
1278
1293
1344
1367
1375
1376
1390
1416
1435
1529
1540
1554
1557
1572
1600
1266
1431
1434
1441
1513
1544
1564
1585
1135
1160
1173
1191
1201
1205
1222
1238
1280
1290
1323
1329
1330
1359
1377
1391
1409
1447
1457
1483
1519
1527
1528
1551
1559
1570
1580
1584
1598
1138
1171
1470
1552
1146
1149
1172
1175
1180
1184
1185
1191
1198
1199
1211
1214
1238
1242
1243
1250
1255
1269
1278
1290
1291
1293
1302
1312
1329
1334
1335
1339
1340
1341
1344
1352
1367
1370
1375
1376
1377
1380
1390
1391
1399
1416
1420
1431
1435
1467
1471
1488
1491
1509
1516
1520
1522
1523
1524
1530
1532
1539
1540
1544
1547
1551
1554
1557
1559
1563
1570
1572
1584
1589
1598
1600
1148
1152
1158
1204
1227
1229
1235
1257
1277
1298
1322
1347
1373
1423
1426
1432
1459
1475
1479
1515
1573
1576
1578
1591
1596
1136
1144
1174
1325
1328
1494
1183
1223
1226
1343
1357
1435
1436
1444
1469
1540
1238
1256
1285
1288
1359
1370
1431
1488
1202
1212
1234
1342
1343
1356
1372
1443
1453
1473
1478
1497
1566
1596
1148
1158
1166
1192
1204
1245
1261
1277
1281
1282
1303
1306
1309
1316
1324
1347
1373
1382
1392
1396
1406
1451
1454
1459
1473
1495
1504
1508
1515
1582
1595
1148
1192
1204
1227
1229
1231
1235
1257
1277
1279
1284
1292
1298
1322
1345
1347
1379
1404
1413
1423
1426
1432
1438
1448
1459
1462
1475
1479
1515
1550
1573
1576
1583
1587
1591
1592
1596
1153
1156
1160
1163
1181
1207
1211
1238
1256
1271
1280
1331
1365
1370
1390
1436
1456
1457
1488
1571
1580
1598
1238
1285
1288
1302
1431
1488
1152
1159
1170
1183
1188
1213
1225
1228
1236
1258
1259
1260
1275
1296
1303
1306
1310
1338
1348
1355
1366
1412
1427
1429
1446
1448
1469
1472
1473
1482
1496
1500
1504
1507
1525
1529
1531
1536
1549
1202
1253
1169
1189
1226
1259
1348
1428
1472
1482
1504
1507
1541
1307
1325
1528
1171
1173
1185
1191
1199
1211
1219
1222
1230
1269
1329
1331
1341
1376
1393
1399
1407
1409
1437
1460
1465
1470
1483
1519
1522
1551
1553
1554
1570
1577
1146
1175
1184
1209
1222
1242
1243
1250
1278
1290
1340
1344
1352
1367
1376
1377
1390
1407
1416
1460
1513
1520
1522
1523
1528
1539
1554
1557
1572
1597
1600
1146
1149
1156
1163
1175
1181
1184
1185
1198
1199
1211
1222
1242
1243
1250
1256
1267
1290
1323
1329
1330
1331
1335
1339
1340
1341
1344
1352
1361
1367
1375
1376
1377
1390
1391
1399
1416
1420
1431
1447
1451
1467
1480
1485
1491
1509
1516
1520
1522
1523
1530
1532
1539
1551
1554
1557
1559
1563
1584
1589
1597
1600
1165
1171
1202
1337
1465
1577
1146
1149
1153
1156
1160
1163
1172
1173
1175
1181
1184
1185
1191
1198
1199
1211
1214
1219
1222
1230
1238
1243
1250
1255
1256
1267
1271
1272
1285
1287
1288
1289
1291
1302
1323
1329
1330
1331
1335
1336
1339
1341
1351
1352
1359
1361
1367
1370
1376
1377
1380
1390
1391
1393
1399
1409
1416
1420
1431
1437
1447
1456
1457
1467
1471
1488
1491
1516
1520
1522
1530
1538
1542
1547
1551
1554
1559
1580
1584
1589
1597
1598
1600
1146
1181
1184
1185
1198
1199
1209
1211
1214
1242
1243
1250
1267
1278
1290
1329
1331
1335
1339
1340
1344
1351
1352
1365
1367
1375
1377
1390
1391
1399
1416
1431
1447
1471
1491
1516
1522
1523
1524
1530
1532
1539
1540
1547
1551
1557
1584
1589
1597
1600
1142
1155
1210
1237
1294
1318
1332
1349
1358
1427
1437
1446
1464
1473
1487
1514
1526
1543
1545
1565
1261
1277
1282
1396
1495
1515
1573
1148
1158
1190
1192
1204
1227
1231
1235
1257
1277
1279
1284
1292
1298
1322
1345
1347
1379
1381
1392
1404
1413
1423
1432
1438
1459
1462
1475
1550
1573
1576
1583
1587
1591
1596
1153
1160
1163
1172
1180
1184
1185
1199
1205
1207
1211
1238
1256
1271
1280
1285
1288
1302
1330
1331
1336
1352
1370
1380
1390
1391
1398
1399
1402
1431
1447
1449
1456
1457
1460
1470
1471
1480
1483
1488
1513
1547
1551
1559
1589
1598
1173
1458
1470
1519
1570
1571
1136
1165
1178
1187
1193
1274
1307
1317
1328
1360
1410
1420
1421
1494
1511
1518
1537
1553
1555
1567
1588
1593
1135
1143
1146
1149
1153
1156
1163
1164
1172
1175
1180
1184
1185
1192
1198
1199
1201
1207
1211
1214
1222
1235
1238
1243
1250
1255
1256
1267
1271
1273
1285
1288
1289
1291
1298
1302
1312
1318
1329
1330
1335
1339
1344
1351
1352
1358
1367
1370
1375
1376
1377
1390
1391
1399
1402
1416
1418
1423
1427
1429
1431
1436
1447
1449
1456
1457
1463
1467
1471
1480
1483
1488
1509
1516
1517
1522
1539
1547
1556
1557
1563
1565
1570
1571
1589
1598
1600
1283
1317
1505
1165
1178
1193
1301
1421
1540
1168
1213
1259
1354
1415
1507
1141
1228
1236
1244
1304
1207
1271
1456
1457
1471
1472
1598
1149
1199
1214
1230
1250
1289
1291
1361
1367
1390
1398
1437
1447
1485
1551
1559
1589
1168
1366
1529
1569
1154
1343
1349
1356
1531
1543
1545
1210
1294
1300
1320
1357
1393
1397
1422
1487
1137
1186
1216
1232
1314
1319
1333
1363
1371
1378
1424
1452
1468
1493
1533
1548
1568
1140
1165
1187
1251
1317
1328
1360
1505
1511
1534
1553
1567
1579
1593
1166
1204
1245
1261
1273
1277
1282
1303
1309
1316
1324
1373
1382
1396
1406
1451
1454
1495
1508
1515
1582
1583
1595
1158
1192
1204
1221
1227
1229
1231
1235
1257
1277
1279
1292
1315
1322
1345
1350
1413
1423
1432
1459
1462
1475
1479
1550
1573
1576
1578
1583
1591
1592
1596
1153
1163
1172
1175
1185
1191
1199
1205
1207
1211
1214
1219
1230
1256
1271
1278
1287
1288
1289
1302
1329
1330
1335
1336
1341
1351
1361
1370
1376
1390
1391
1393
1398
1399
1402
1416
1420
1431
1449
1456
1471
1480
1488
1516
1522
1535
1547
1551
1554
1556
1559
1584
1589
1597
1598
1166
1245
1261
1273
1282
1286
1303
1309
1316
1324
1373
1382
1396
1451
1454
1459
1475
1495
1502
1508
1582
1591
1215
1148
1158
1166
1190
1192
1204
1221
1227
1229
1231
1235
1257
1277
1279
1292
1298
1303
1315
1322
1345
1347
1350
1373
1379
1381
1392
1404
1413
1423
1426
1429
1432
1436
1448
1462
1473
1475
1479
1495
1550
1573
1575
1576
1578
1583
1587
1596
1208
1147
1189
1226
1248
1273
1304
1311
1348
1418
1496
1507
1569
1591
1149
1153
1156
1163
1172
1184
1191
1199
1211
1219
1222
1230
1238
1256
1267
1269
1271
1288
1289
1291
1302
1330
1331
1335
1341
1351
1352
1361
1367
1370
1375
1380
1388
1390
1391
1399
1407
1409
1431
1437
1447
1449
1456
1457
1458
1460
1467
1471
1488
1491
1509
1516
1522
1530
1538
1539
1542
1547
1551
1554
1559
1563
1571
1584
1589
1598
1235
1261
1273
1277
1281
1282
1316
1373
1382
1396
1406
1454
1495
1502
1515
1582
1139
1188
1189
1259
1275
1296
1311
1338
1348
1428
1469
1472
1482
1496
1507
1541
1549
1175
1191
1209
1242
1243
1250
1278
1290
1312
1321
1327
1339
1344
1352
1367
1377
1390
1393
1407
1522
1523
1526
1528
1540
1557
1600
1197
1368
1184
1185
1209
1242
1250
1255
1278
1312
1340
1344
1367
1375
1390
1416
1420
1572
1600
1142
1210
1237
1294
1318
1320
1332
1358
1427
1446
1464
1473
1549
1565
1155
1179
1210
1223
1248
1263
1300
1320
1357
1358
1408
1422
1487
1512
1543
1574
1148
1190
1192
1221
1231
1235
1257
1277
1284
1298
1315
1322
1345
1404
1432
1462
1550
1576
1596
1230
1269
1329
1331
1344
1367
1391
1484
1522
1540
1600
1146
1153
1160
1163
1172
1173
1191
1199
1201
1205
1211
1214
1222
1230
1238
1255
1256
1263
1267
1271
1272
1280
1288
1289
1302
1323
1329
1330
1331
1339
1341
1359
1361
1370
1377
1380
1388
1389
1390
1399
1402
1420
1431
1447
1456
1470
1483
1488
1516
1522
1535
1538
1547
1551
1554
1559
1570
1571
1580
1584
1589
1590
1598
1137
1186
1216
1232
1314
1319
1333
1363
1371
1378
1452
1468
1493
1533
1548
1568
1192
1204
1227
1231
1235
1273
1277
1292
1298
1315
1345
1347
1379
1404
1448
1459
1462
1475
1479
1573
1576
1583
1587
1591
1596
1159
1189
1226
1259
1311
1348
1472
1482
1496
1507
1536
1541
1155
1179
1237
1313
1318
1320
1349
1358
1374
1400
1408
1427
1514
1543
1574
1153
1156
1163
1175
1185
1196
1199
1211
1256
1271
1272
1305
1341
1361
1391
1398
1440
1449
1456
1458
1460
1467
1471
1480
1485
1488
1501
1513
1585
1590
1146
1149
1156
1160
1164
1172
1173
1175
1180
1184
1191
1199
1201
1205
1211
1214
1219
1222
1230
1243
1255
1289
1305
1321
1323
1327
1330
1334
1335
1341
1352
1359
1361
1377
1388
1398
1399
1420
1437
1440
1447
1458
1470
1485
1488
1501
1509
1520
1522
1538
1542
1551
1554
1559
1563
1570
1580
1589
1153
1163
1172
1184
1185
1191
1198
1199
1207
1211
1230
1238
1256
1267
1271
1285
1288
1289
1291
1302
1330
1335
1336
1341
1351
1352
1365
1367
1370
1380
1390
1391
1398
1399
1431
1437
1449
1456
1457
1471
1480
1488
1491
1501
1516
1522
1530
1538
1547
1551
1554
1556
1584
1589
1598
1146
1149
1153
1156
1163
1173
1175
1184
1185
1191
1195
1196
1198
1199
1201
1207
1211
1222
1242
1243
1250
1255
1256
1267
1269
1271
1272
1278
1280
1288
1289
1291
1302
1305
1323
1327
1329
1330
1331
1335
1336
1339
1341
1344
1351
1352
1361
1367
1370
1375
1376
1377
1380
1390
1391
1399
1402
1420
1431
1439
1447
1449
1456
1467
1470
1471
1480
1485
1488
1491
1509
1516
1520
1522
1523
1535
1539
1547
1551
1554
1557
1559
1562
1563
1584
1589
1590
1598
1134
1183
1236
1244
1246
1304
1366
1472
1135
1143
1149
1184
1185
1199
1211
1230
1242
1267
1269
1272
1291
1302
1339
1341
1344
1350
1352
1367
1376
1377
1390
1391
1399
1416
1418
1420
1431
1436
1467
1491
1516
1522
1538
1539
1554
1557
1575
1584
1589
1597
1600
1158
1192
1204
1227
1229
1231
1235
1257
1277
1279
1292
1298
1322
1345
1347
1350
1404
1413
1438
1459
1462
1475
1479
1550
1573
1576
1583
1587
1592
1596
1135
1153
1163
1175
1199
1211
1219
1256
1271
1305
1370
1376
1377
1391
1398
1399
1449
1456
1458
1460
1467
1471
1480
1488
1501
1513
1547
1584
1598
1169
1188
1228
1236
1249
1258
1260
1304
1306
1310
1338
1348
1355
1366
1472
1504
1153
1156
1163
1172
1175
1184
1185
1198
1199
1201
1207
1211
1214
1219
1222
1230
1238
1256
1267
1269
1271
1285
1288
1289
1291
1302
1305
1330
1331
1335
1336
1339
1341
1344
1351
1352
1361
1367
1370
1376
1377
1380
1390
1398
1399
1416
1431
1449
1456
1467
1471
1480
1488
1509
1516
1522
1530
1539
1547
1551
1554
1556
1559
1580
1589
1597
1598
1600
1442
1471
1590
1415
1474
1146
1160
1164
1173
1185
1212
1222
1238
1243
1255
1269
1312
1329
1334
1352
1376
1377
1389
1391
1420
1431
1467
1470
1483
1497
1509
1516
1522
1559
1570
1584
1589
1590
1144
1174
1251
1307
1325
1328
1360
1410
1421
1433
1494
1511
1555
1567
1588
1593
1186
1216
1232
1319
1333
1371
1378
1452
1468
1493
1533
1548
1568
1177
1218
1266
1403
1499
1562
1170
1236
1259
1260
1275
1308
1338
1469
1472
1482
1504
1173
1317
1450
1505
1534
1188
1228
1236
1304
1308
1310
1355
1366
1294
1332
1358
1374
1427
1446
1464
1514
1549
1565
1574
1215
1231
1273
1418
1556
1591
1174
1251
1307
1328
1360
1410
1421
1494
1511
1555
1588
1593
1149
1160
1164
1165
1172
1173
1175
1182
1184
1185
1195
1199
1205
1209
1214
1222
1230
1238
1243
1250
1255
1265
1267
1269
1290
1291
1293
1302
1305
1323
1329
1334
1340
1344
1352
1365
1367
1376
1377
1390
1391
1399
1420
1431
1435
1467
1471
1491
1509
1520
1522
1523
1528
1538
1539
1540
1547
1551
1554
1557
1559
1563
1570
1584
1589
1600
1332
1435
1190
1192
1227
1231
1235
1257
1277
1279
1284
1292
1315
1322
1345
1347
1379
1404
1413
1423
1426
1438
1454
1459
1462
1475
1479
1492
1573
1576
1583
1587
1591
1596
1181
1184
1185
1196
1199
1209
1211
1219
1222
1250
1267
1272
1305
1323
1327
1352
1361
1367
1375
1376
1377
1390
1420
1467
1485
1516
1538
1551
1554
1559
1563
1570
1584
1589
1283
1321
1327
1337
1476
1171
1447
1501
1540
1159
1258
1275
1366
1373
1473
1525
1584
1156
1160
1163
1172
1173
1175
1181
1184
1185
1199
1201
1205
1207
1214
1230
1238
1256
1269
1271
1280
1285
1287
1288
1289
1302
1330
1331
1335
1336
1341
1352
1370
1376
1377
1380
1388
1390
1391
1399
1402
1431
1447
1449
1456
1457
1470
1471
1480
1483
1488
1491
1516
1522
1524
1542
1547
1559
1580
1584
1589
1598
1600
1295
1349
1356
1531
1543
1179
1237
1320
1349
1358
1400
1408
1420
1487
1490
1506
1574
1172
1173
1175
1199
1211
1230
1238
1256
1271
1288
1291
1323
1331
1352
1370
1375
1377
1388
1390
1391
1399
1401
1431
1437
1447
1449
1456
1470
1483
1488
1517
1520
1538
1542
1551
1556
1557
1563
1570
1584
1589
1383
1501
1594
1192
1215
1227
1235
1277
1284
1292
1298
1322
1345
1347
1381
1392
1413
1423
1432
1448
1454
1459
1462
1479
1495
1502
1503
1550
1573
1576
1583
1591
1596
1167
1170
1183
1188
1217
1221
1225
1227
1228
1241
1246
1258
1260
1275
1299
1306
1310
1338
1355
1366
1412
1418
1435
1444
1472
1473
1481
1496
1500
1504
1507
1525
1536
1569
1584
1591
1173
1180
1191
1201
1205
1214
1222
1238
1243
1255
1256
1280
1323
1330
1331
1352
1359
1361
1377
1380
1388
1391
1402
1409
1447
1470
1483
1487
1488
1519
1535
1551
1559
1570
1571
1600
1283
1321
1327
1337
1518
1540
1561
1599
1172
1181
1184
1185
1199
1207
1238
1256
1271
1285
1288
1305
1331
1335
1351
1352
1367
1370
1380
1390
1399
1431
1447
1449
1456
1471
1480
1488
1516
1547
1556
1559
1580
1584
1589
1598
1329
1334
1352
1377
1391
1520
1557
1570
1584
1600
1178
1182
1254
1283
1317
1369
1384
1419
1421
1461
1505
1561
1221
1241
1245
1258
1261
1273
1282
1306
1316
1324
1338
1350
1366
1373
1382
1396
1472
1495
1503
1504
1515
1525
1536
1595
1188
1225
1241
1246
1260
1275
1299
1310
1338
1355
1472
1481
1500
1504
1536
1569
1472
1249
1306
1428
1482
1529
1213
1228
1273
1275
1282
1296
1303
1406
1412
1495
1500
1549
1173
1182
1297
1387
1450
1465
1486
1534
1173
1191
1199
1201
1205
1211
1214
1219
1222
1230
1238
1256
1280
1289
1293
1330
1331
1335
1341
1351
1352
1361
1376
1388
1390
1399
1409
1420
1431
1447
1456
1471
1480
1483
1517
1530
1535
1547
1551
1554
1559
1580
1584
1589
1597
1598
1180
1191
1199
1201
1205
1214
1219
1222
1238
1243
1256
1271
1280
1323
1329
1330
1331
1335
1359
1377
1388
1389
1390
1391
1409
1431
1447
1460
1470
1483
1487
1509
1517
1519
1520
1522
1527
1534
1535
1539
1551
1553
1554
1557
1559
1570
1577
1580
1584
1590
1251
1328
1410
1421
1433
1494
1511
1180
1185
1191
1195
1196
1201
1214
1222
1230
1255
1265
1269
1272
1280
1288
1291
1302
1305
1312
1329
1331
1334
1352
1376
1377
1380
1390
1391
1398
1405
1409
1416
1420
1431
1447
1456
1457
1460
1467
1471
1480
1484
1485
1509
1513
1522
1528
1540
1547
1554
1557
1559
1570
1590
1598
1600
1591
1218
1403
1424
1436
1499
1369
1419
1461
1210
1223
1237
1300
1320
1349
1357
1358
1374
1400
1512
1545
1574
1205
1214
1222
1238
1280
1330
1331
1352
1377
1388
1447
1470
1471
1483
1520
1551
1554
1598
1600
1184
1185
1198
1199
1211
1242
1250
1267
1289
1335
1339
1340
1344
1352
1365
1367
1375
1391
1399
1416
1431
1447
1491
1516
1522
1530
1532
1547
1554
1557
1584
1589
1597
1600
1185
1191
1195
1243
1255
1265
1269
1312
1329
1334
1352
1369
1376
1377
1391
1399
1405
1420
1431
1509
1522
1528
1539
1554
1559
1570
1584
1589
1217
1223
1246
1338
1343
1366
1436
1444
1472
1525
1529
1536
1540
1569
1185
1198
1199
1209
1211
1237
1242
1250
1255
1267
1269
1278
1287
1288
1331
1335
1339
1340
1341
1344
1351
1352
1361
1367
1375
1376
1390
1391
1399
1402
1416
1420
1431
1435
1456
1471
1488
1491
1509
1516
1520
1522
1523
1524
1530
1532
1538
1539
1542
1551
1557
1559
1563
1572
1584
1589
1597
1598
1600
1198
1199
1211
1219
1222
1243
1250
1255
1267
1269
1271
1272
1291
1293
1302
1305
1312
1329
1331
1334
1335
1339
1341
1344
1352
1367
1376
1377
1390
1391
1399
1416
1420
1431
1439
1449
1456
1467
1471
1484
1488
1491
1509
1516
1520
1522
1530
1547
1554
1557
1559
1563
1570
1584
1589
1590
1597
1216
1232
1333
1363
1533
1548
1328
1360
1410
1511
1553
1567
1588
1593
1228
1236
1259
1260
1275
1299
1304
1308
1310
1338
1355
1366
1472
1482
1500
1504
1536
1226
1244
1259
1311
1338
1348
1366
1415
1428
1469
1472
1482
1496
1507
1529
1541
1553
1192
1204
1227
1231
1235
1277
1284
1322
1345
1379
1426
1432
1448
1459
1462
1475
1479
1515
1545
1583
1587
1596
1195
1199
1205
1211
1214
1219
1222
1230
1238
1243
1267
1280
1290
1291
1323
1329
1331
1335
1352
1359
1361
1376
1377
1388
1390
1393
1399
1407
1431
1447
1470
1488
1491
1516
1517
1528
1551
1554
1559
1563
1570
1571
1584
1589
1204
1215
1227
1229
1231
1235
1257
1277
1282
1284
1292
1298
1315
1322
1345
1347
1379
1413
1423
1426
1432
1438
1448
1459
1462
1479
1502
1515
1550
1573
1576
1578
1583
1587
1591
1592
1595
1596
1387
1505
1585
1492
1586
1255
1265
1329
1352
1376
1377
1420
1431
1467
1509
1513
1520
1538
1554
1563
1590
1594
1197
1272
1305
1449
1467
1485
1563
1368
1441
1544
1199
1211
1242
1250
1267
1269
1335
1340
1344
1352
1361
1367
1375
1390
1399
1416
1431
1467
1471
1488
1491
1516
1530
1532
1538
1557
1563
1570
1584
1589
1598
1600
1201
1205
1207
1211
1214
1219
1222
1230
1238
1242
1250
1255
1256
1267
1269
1271
1280
1287
1288
1289
1291
1302
1305
1323
1329
1330
1331
1334
1335
1336
1339
1341
1351
1352
1359
1361
1365
1367
1370
1376
1377
1380
1390
1391
1393
1398
1399
1402
1407
1409
1416
1431
1437
1439
1447
1449
1456
1457
1467
1471
1480
1488
1491
1509
1516
1522
1530
1535
1538
1539
1542
1547
1551
1554
1556
1557
1559
1563
1570
1584
1589
1597
1598
1202
1268
1574
1205
1214
1222
1238
1243
1280
1329
1331
1352
1359
1377
1388
1389
1447
1456
1470
1471
1480
1483
1535
1551
1570
1580
1598
1600
1253
1268
1326
1240
1307
1360
1555
1588
1215
1221
1227
1229
1231
1235
1257
1261
1273
1277
1279
1282
1284
1298
1303
1315
1322
1345
1347
1373
1379
1413
1423
1426
1429
1432
1454
1459
1462
1475
1479
1489
1495
1502
1503
1515
1573
1576
1583
1587
1591
1596
1207
1222
1238
1250
1255
1271
1280
1288
1323
1329
1330
1331
1352
1359
1361
1377
1388
1389
1391
1409
1447
1456
1470
1483
1488
1509
1517
1520
1522
1535
1551
1554
1559
1570
1571
1580
1584
1238
1256
1271
1285
1288
1302
1336
1341
1359
1370
1380
1390
1409
1431
1447
1449
1456
1471
1480
1488
1516
1542
1571
1584
1598
1242
1243
1250
1278
1290
1291
1331
1339
1340
1344
1352
1367
1375
1376
1390
1407
1416
1431
1522
1528
1554
1557
1572
1597
1600
1212
1226
1268
1294
1300
1318
1320
1332
1358
1408
1425
1427
1446
1549
1565
1574
1214
1222
1230
1243
1250
1267
1269
1287
1289
1291
1293
1302
1305
1330
1331
1335
1336
1341
1351
1352
1361
1367
1370
1376
1377
1380
1390
1391
1393
1398
1399
1409
1416
1420
1431
1437
1439
1447
1449
1458
1467
1471
1480
1488
1491
1509
1516
1520
1522
1530
1538
1547
1551
1554
1559
1563
1570
1571
1580
1584
1589
1597
1598
1234
1342
1343
1356
1372
1425
1443
1453
1478
1497
1545
1566
1259
1415
1469
1496
1507
1222
1238
1243
1256
1280
1289
1321
1323
1329
1335
1341
1359
1361
1370
1376
1377
1388
1407
1409
1437
1447
1471
1480
1483
1509
1522
1530
1539
1551
1553
1559
1570
1580
1589
1598
1600
1273
1347
1373
1413
1429
1459
1475
1489
1495
1502
1503
1515
1587
1591
1232
1314
1319
1333
1363
1371
1378
1424
1452
1468
1493
1533
1548
1568
1247
1258
1334
1338
1343
1364
1366
1408
1435
1444
1453
1473
1482
1487
1492
1525
1536
1540
1569
1575
1584
1403
1499
1562
1593
1222
1230
1265
1289
1341
1351
1352
1361
1367
1376
1377
1399
1437
1470
1509
1519
1547
1551
1553
1331
1367
1483
1498
1537
1571
1229
1231
1235
1275
1277
1279
1286
1296
1298
1315
1322
1338
1345
1350
1418
1423
1432
1459
1462
1472
1479
1504
1515
1525
1529
1569
1578
1583
1596
1230
1238
1243
1245
1255
1256
1267
1272
1280
1289
1291
1323
1327
1330
1331
1334
1335
1336
1341
1351
1352
1359
1361
1367
1369
1377
1389
1393
1399
1431
1437
1439
1447
1471
1487
1497
1509
1513
1520
1547
1551
1554
1557
1559
1563
1570
1580
1584
1589
1590
1320
1371
1385
1436
1512
1559
1260
1275
1299
1304
1338
1355
1366
1472
1500
1504
1536
1246
1259
1311
1320
1348
1415
1428
1469
1472
1482
1496
1507
1536
1541
1229
1231
1235
1277
1279
1282
1292
1298
1309
1322
1345
1347
1379
1381
1392
1404
1423
1426
1448
1459
1462
1475
1479
1500
1502
1515
1550
1573
1576
1583
1587
1591
1596
1236
1304
1308
1355
1412
1500
1549
1231
1257
1261
1277
1279
1345
1347
1350
1413
1432
1459
1550
1576
1578
1583
1587
1591
1592
1596
1243
1256
1267
1269
1289
1290
1291
1329
1331
1334
1335
1341
1351
1352
1359
1361
1367
1376
1377
1388
1390
1391
1393
1399
1407
1409
1420
1431
1437
1484
1488
1491
1509
1516
1522
1530
1540
1547
1551
1554
1557
1559
1563
1584
1589
1597
1235
1257
1261
1273
1277
1284
1286
1292
1322
1345
1347
1350
1404
1423
1426
1432
1448
1459
1462
1475
1550
1573
1576
1583
1587
1591
1592
1596
1333
1371
1378
1452
1468
1533
1548
1568
1593
1343
1356
1443
1453
1531
1566
1257
1273
1277
1284
1292
1298
1315
1322
1345
1347
1350
1373
1379
1381
1392
1404
1413
1414
1423
1426
1432
1436
1438
1448
1459
1462
1475
1479
1502
1550
1573
1576
1578
1583
1587
1591
1596
1258
1260
1275
1299
1304
1308
1310
1338
1355
1366
1469
1472
1482
1504
1529
1536
1313
1318
1320
1332
1349
1358
1374
1390
1397
1420
1427
1464
1473
1487
1512
1514
1526
1543
1574
1250
1255
1256
1271
1280
1285
1287
1288
1289
1293
1302
1323
1330
1331
1335
1336
1359
1361
1370
1376
1377
1380
1388
1391
1402
1409
1420
1431
1447
1456
1457
1470
1471
1483
1487
1488
1497
1509
1517
1520
1522
1530
1535
1539
1542
1547
1551
1559
1571
1580
1584
1589
1598
1399
1353
1394
1273
1338
1373
1481
1502
1503
1536
1250
1267
1278
1291
1339
1340
1341
1344
1352
1367
1375
1376
1390
1399
1407
1416
1431
1471
1480
1491
1516
1524
1538
1554
1557
1559
1572
1584
1589
1597
1600
1267
1269
1290
1323
1329
1330
1334
1351
1352
1376
1377
1399
1420
1431
1451
1483
1497
1509
1522
1528
1530
1554
1559
1563
1570
1584
1589
1590
1428
1472
1591
1261
1281
1282
1309
1316
1373
1382
1396
1406
1451
1454
1495
1508
1582
1296
1322
1338
1366
1418
1425
1469
1481
1482
1504
1569
1273
1408
1429
1453
1502
1503
1575
1401
1258
1306
1338
1428
1255
1256
1271
1278
1287
1288
1293
1330
1335
1339
1340
1341
1344
1352
1367
1375
1376
1380
1390
1399
1402
1416
1420
1431
1435
1456
1488
1491
1522
1524
1530
1532
1547
1554
1557
1559
1572
1584
1589
1597
1600
1307
1410
1421
1555
1254
1368
1269
1272
1280
1291
1302
1305
1312
1321
1323
1329
1334
1341
1352
1359
1361
1367
1369
1376
1377
1390
1391
1399
1405
1409
1416
1420
1431
1447
1467
1471
1509
1513
1516
1520
1522
1528
1539
1551
1554
1559
1563
1570
1584
1589
1590
1600
1271
1285
1288
1289
1302
1330
1331
1335
1336
1341
1351
1359
1361
1367
1370
1377
1380
1388
1390
1399
1409
1431
1447
1456
1457
1458
1470
1471
1480
1483
1488
1509
1516
1520
1524
1542
1547
1551
1554
1559
1563
1589
1598
1284
1292
1315
1322
1345
1404
1413
1426
1432
1459
1462
1479
1573
1576
1583
1587
1591
1592
1596
1260
1275
1304
1306
1334
1338
1343
1355
1366
1435
1444
1473
1492
1525
1536
1569
1584
1260
1275
1311
1338
1348
1362
1415
1469
1472
1482
1496
1504
1507
1536
1541
1275
1299
1304
1308
1338
1355
1366
1469
1472
1504
1525
1273
1277
1281
1282
1292
1309
1316
1324
1345
1373
1382
1396
1406
1451
1454
1475
1495
1508
1515
1582
1583
1595
1591
1295
1269
1323
1329
1376
1377
1460
1484
1513
1520
1528
1570
1590
1431
1434
1441
1564
1585
1269
1272
1287
1289
1291
1302
1335
1336
1339
1341
1352
1365
1370
1376
1377
1390
1391
1399
1402
1431
1447
1467
1483
1491
1509
1516
1520
1522
1530
1557
1559
1570
1584
1589
1590
1597
1343
1529
1531
1291
1302
1305
1312
1329
1331
1334
1352
1367
1376
1377
1388
1391
1399
1409
1420
1431
1439
1456
1460
1467
1471
1480
1484
1491
1509
1513
1516
1522
1528
1538
1547
1554
1557
1559
1570
1580
1584
1589
1600
1280
1285
1288
1291
1302
1330
1331
1336
1352
1370
1380
1390
1391
1399
1402
1431
1447
1449
1456
1457
1471
1480
1483
1488
1559
1584
1598
1305
1312
1327
1329
1352
1367
1369
1376
1391
1402
1405
1420
1431
1449
1460
1467
1485
1488
1491
1509
1513
1516
1520
1551
1554
1559
1563
1584
1585
1589
1590
1282
1286
1316
1373
1382
1396
1412
1429
1432
1451
1454
1489
1502
1503
1508
1515
1595
1307
1325
1433
1445
1511
1553
1567
1588
1593
1296
1299
1310
1338
1348
1355
1366
1418
1469
1472
1473
1482
1496
1500
1504
1525
1536
1282
1284
1286
1292
1298
1303
1309
1322
1345
1347
1350
1379
1381
1382
1392
1404
1413
1414
1417
1423
1426
1432
1438
1448
1454
1459
1462
1475
1479
1508
1515
1550
1573
1576
1578
1583
1587
1591
1595
1596
1344
1367
1375
1416
1471
1523
1524
1572
1292
1298
1322
1345
1347
1379
1404
1432
1448
1459
1462
1475
1479
1576
1583
1587
1596
1330
1331
1352
1359
1388
1391
1402
1409
1431
1447
1456
1470
1483
1488
1509
1535
1551
1570
1598
1282
1309
1373
1396
1429
1495
1502
1508
1515
1582
1595
1286
1303
1309
1324
1347
1373
1381
1382
1396
1406
1451
1454
1459
1475
1495
1502
1508
1515
1582
1591
1595
1301
1321
1327
1369
1384
1411
1421
1477
1505
1520
1523
1540
1554
1298
1315
1322
1345
1392
1404
1413
1423
1426
1454
1459
1462
1475
1479
1492
1502
1550
1573
1576
1583
1587
1591
1288
1336
1370
1380
1391
1399
1431
1447
1456
1457
1471
1488
1547
1598
1322
1459
1462
1583
1591
1293
1329
1331
1352
1367
1370
1375
1390
1399
1456
1471
1516
1547
1554
1557
1559
1584
1589
1598
1289
1330
1331
1335
1336
1352
1359
1370
1380
1388
1390
1391
1399
1402
1431
1447
1456
1457
1470
1471
1488
1491
1542
1547
1598
1291
1335
1352
1367
1390
1399
1431
1437
1471
1483
1491
1530
1547
1551
1577
1584
1589
1598
1312
1329
1335
1339
1352
1365
1377
1390
1393
1407
1416
1420
1460
1520
1522
1523
1524
1528
1554
1557
1559
1563
1570
1589
1590
1597
1600
1302
1329
1334
1335
1341
1352
1370
1376
1377
1390
1391
1398
1399
1401
1416
1420
1431
1437
1467
1471
1488
1491
1516
1530
1547
1551
1559
1570
1584
1589
1590
1597
1598
1298
1315
1322
1345
1347
1379
1392
1404
1438
1459
1462
1475
1479
1550
1573
1576
1583
1591
1596
1305
1331
1335
1339
1340
1352
1367
1376
1488
1516
1522
1554
1557
1589
1425
1427
1464
1549
1338
1385
1418
1472
1496
1504
1525
1529
1387
1486
1549
1315
1322
1345
1347
1350
1379
1381
1404
1413
1423
1426
1438
1448
1459
1462
1475
1479
1573
1583
1587
1591
1596
1304
1310
1355
1366
1469
1472
1482
1500
1504
1525
1536
1313
1320
1349
1357
1358
1374
1427
1514
1574
1369
1518
1305
1329
1331
1352
1367
1370
1376
1377
1390
1391
1399
1431
1449
1456
1467
1471
1488
1491
1516
1517
1538
1557
1584
1589
1598
1396
1426
1427
1429
1495
1502
1573
1582
1595
1308
1310
1355
1366
1473
1500
1536
1312
1341
1352
1367
1376
1390
1391
1398
1402
1409
1420
1431
1440
1449
1467
1471
1480
1485
1488
1509
1513
1516
1524
1538
1559
1563
1570
1584
1589
1590
1338
1348
1366
1428
1472
1504
1507
1525
1325
1360
1421
1433
1494
1511
1553
1555
1567
1588
1593
1310
1355
1366
1472
1322
1345
1373
1382
1392
1454
1495
1508
1515
1582
1583
1338
1355
1366
1472
1504
1536
1348
1366
1415
1472
1482
1496
1507
1541
1549
1329
1352
1361
1367
1369
1376
1391
1398
1405
1420
1431
1467
1485
1513
1520
1522
1544
1557
1563
1570
1584
1589
1590
1320
1358
1374
1427
1446
1512
1543
1565
1333
1378
1424
1533
1548
1322
1345
1413
1423
1438
1459
1462
1479
1573
1576
1583
1322
1382
1396
1423
1454
1583
1369
1505
1534
1561
1564
1567
1320
1332
1358
1427
1446
1464
1543
1549
1565
1333
1371
1378
1452
1468
1493
1533
1548
1568
1332
1349
1357
1358
1374
1400
1425
1427
1512
1514
1545
1565
1574
1327
1337
1361
1509
1521
1561
1345
1347
1379
1381
1392
1404
1413
1414
1423
1426
1432
1438
1448
1459
1462
1475
1479
1502
1550
1569
1573
1576
1583
1587
1591
1592
1596
1330
1335
1352
1359
1361
1377
1389
1407
1447
1460
1470
1509
1520
1530
1535
1551
1554
1559
1563
1570
1382
1396
1454
1495
1515
1582
1360
1433
1511
1555
1567
1337
1352
1361
1369
1384
1390
1435
1518
1520
1523
1540
1561
1563
1597
1600
1410
1421
1494
1511
1593
1331
1334
1352
1376
1377
1388
1389
1391
1393
1405
1407
1409
1420
1431
1460
1467
1471
1509
1513
1516
1519
1522
1528
1539
1551
1554
1557
1559
1563
1570
1584
1589
1590
1600
1331
1335
1352
1359
1361
1370
1377
1388
1389
1390
1391
1399
1401
1420
1431
1447
1453
1456
1471
1483
1488
1520
1535
1551
1554
1559
1570
1571
1580
1584
1589
1598
1339
1341
1352
1361
1367
1370
1376
1377
1380
1388
1390
1393
1399
1402
1409
1420
1431
1447
1456
1457
1470
1471
1483
1484
1488
1509
1516
1522
1530
1539
1547
1551
1559
1584
1589
1598
1358
1427
1446
1464
1487
1543
1549
1565
1371
1378
1452
1468
1493
1533
1548
1568
1341
1343
1352
1361
1376
1377
1389
1391
1393
1409
1420
1431
1435
1467
1471
1473
1492
1509
1516
1520
1525
1535
1540
1551
1554
1559
1563
1569
1570
1584
1589
1339
1341
1351
1352
1365
1367
1369
1370
1376
1377
1390
1391
1393
1399
1431
1437
1447
1456
1471
1483
1488
1491
1516
1522
1530
1538
1547
1551
1554
1557
1559
1580
1584
1589
1594
1597
1598
1359
1370
1380
1391
1399
1447
1449
1456
1488
1491
1516
1547
1580
1598
1352
1360
1369
1384
1437
1441
1480
1518
1537
1561
1567
1585
1593
1355
1357
1366
1373
1435
1469
1472
1473
1482
1496
1504
1525
1536
1549
1340
1344
1352
1367
1375
1390
1391
1399
1416
1424
1431
1467
1471
1491
1530
1532
1538
1540
1557
1563
1572
1584
1589
1598
1600
1341
1344
1375
1376
1390
1416
1491
1516
1532
1538
1539
1547
1557
1572
1597
1600
1351
1352
1361
1367
1370
1376
1377
1380
1390
1391
1393
1399
1416
1420
1431
1437
1449
1467
1471
1488
1491
1516
1530
1538
1542
1547
1551
1559
1563
1584
1589
1598
1425
1478
1364
1425
1435
1436
1444
1473
1492
1525
1540
1566
1569
1584
1352
1367
1375
1376
1390
1399
1416
1431
1491
1524
1532
1538
1554
1557
1570
1572
1589
1597
1600
1347
1350
1379
1381
1392
1404
1413
1426
1432
1438
1448
1459
1462
1475
1479
1495
1515
1550
1573
1576
1578
1583
1587
1591
1592
1595
1596
1537
1373
1379
1396
1413
1426
1432
1438
1448
1459
1462
1475
1479
1495
1502
1573
1583
1587
1591
1596
1415
1428
1469
1472
1482
1496
1507
1529
1541
1358
1374
1408
1427
1514
1531
1543
1574
1404
1413
1432
1435
1550
1575
1578
1583
1352
1361
1367
1391
1399
1431
1437
1516
1522
1547
1551
1554
1361
1367
1369
1375
1376
1377
1380
1390
1391
1399
1416
1420
1431
1437
1439
1447
1449
1456
1467
1471
1484
1485
1488
1491
1509
1516
1520
1522
1523
1528
1530
1535
1539
1540
1542
1547
1551
1554
1557
1559
1563
1570
1572
1580
1584
1589
1590
1597
1598
1600
1357
1469
1366
1472
1473
1496
1500
1504
1525
1536
1372
1425
1443
1453
1478
1497
1566
1393
1397
1422
1487
1536
1574
1374
1397
1400
1425
1427
1446
1463
1473
1490
1512
1514
1543
1545
1565
1574
1361
1377
1388
1389
1391
1402
1409
1447
1470
1483
1488
1509
1517
1535
1551
1557
1559
1570
1571
1580
1410
1433
1494
1511
1553
1555
1561
1567
1579
1588
1593
1376
1377
1388
1390
1391
1398
1399
1402
1409
1420
1431
1440
1447
1456
1458
1465
1470
1488
1509
1516
1520
1540
1542
1547
1551
1554
1557
1559
1563
1570
1577
1584
1589
1469
1371
1378
1493
1533
1548
1435
1540
1569
1420
1431
1491
1530
1538
1557
1559
1584
1589
1373
1427
1435
1444
1472
1473
1481
1482
1492
1496
1504
1525
1536
1569
1584
1591
1375
1376
1377
1380
1390
1391
1399
1416
1420
1431
1449
1471
1488
1491
1509
1516
1520
1522
1524
1530
1539
1547
1551
1554
1557
1572
1584
1589
1597
1600
1405
1420
1460
1461
1471
1505
1509
1522
1523
1559
1561
1563
1589
1590
1380
1388
1390
1391
1399
1409
1431
1447
1449
1456
1457
1471
1480
1483
1488
1516
1517
1522
1542
1547
1559
1584
1589
1598
1600
1378
1452
1467
1468
1533
1536
1548
1568
1478
1382
1396
1451
1454
1459
1469
1481
1495
1502
1503
1508
1515
1573
1582
1591
1596
1400
1487
1512
1574
1599
1390
1416
1524
1532
1538
1557
1572
1584
1589
1597
1377
1390
1391
1393
1399
1405
1416
1420
1431
1447
1460
1467
1471
1485
1491
1509
1513
1516
1520
1522
1523
1528
1539
1547
1551
1554
1557
1559
1563
1570
1584
1589
1590
1597
1600
1388
1389
1391
1399
1409
1416
1420
1431
1447
1449
1467
1470
1471
1483
1487
1488
1491
1497
1509
1513
1516
1520
1522
1528
1535
1539
1540
1551
1554
1557
1559
1563
1570
1584
1589
1590
1597
1598
1600
1452
1468
1493
1533
1548
1568
1404
1423
1426
1438
1448
1459
1462
1475
1479
1573
1576
1583
1591
1596
1388
1390
1391
1399
1402
1420
1431
1447
1456
1457
1488
1516
1522
1523
1547
1554
1570
1584
1598
1600
1459
1475
1573
1583
1591
1396
1454
1495
1508
1582
1583
1594
1505
1496
1529
1531
1545
1574
1486
1549
1391
1393
1399
1402
1409
1447
1456
1470
1483
1520
1522
1535
1551
1571
1580
1589
1598
1391
1431
1447
1467
1470
1535
1551
1559
1570
1584
1391
1399
1402
1416
1420
1431
1435
1447
1456
1457
1467
1471
1480
1485
1488
1491
1509
1516
1520
1522
1523
1524
1530
1539
1540
1551
1554
1557
1570
1572
1580
1584
1589
1597
1598
1600
1399
1402
1409
1420
1431
1447
1449
1457
1467
1470
1488
1491
1509
1516
1520
1522
1530
1535
1539
1540
1547
1551
1554
1557
1559
1570
1584
1589
1594
1597
1598
1600
1413
1426
1432
1459
1462
1475
1479
1583
1407
1409
1522
1528
1531
1535
1540
1551
1557
1451
1454
1495
1508
1515
1582
1595
1409
1487
1536
1399
1437
1449
1458
1467
1471
1480
1488
1513
1538
1402
1416
1420
1431
1437
1447
1456
1457
1467
1471
1473
1488
1491
1501
1509
1516
1517
1522
1530
1532
1535
1547
1551
1554
1556
1557
1559
1563
1584
1589
1597
1487
1512
1545
1516
1431
1447
1456
1483
1488
1542
1559
1571
1580
1598
1499
1426
1448
1459
1462
1475
1479
1573
1576
1578
1583
1596
1467
1485
1509
1513
1544
1590
1495
1502
1528
1551
1557
1566
1453
1549
1574
1575
1420
1431
1444
1447
1458
1470
1483
1488
1517
1527
1535
1542
1551
1553
1559
1563
1570
1571
1580
1584
1589
1598
1421
1433
1494
1555
1593
1450
1520
1523
1540
1554
1589
1429
1500
1502
1549
1423
1432
1462
1475
1479
1495
1550
1573
1576
1578
1583
1591
1592
1596
1573
1469
1472
1482
1496
1507
1541
1431
1456
1467
1471
1480
1491
1509
1516
1524
1528
1530
1532
1538
1539
1554
1557
1572
1584
1589
1597
1600
1472
1504
1525
1569
1437
1440
1594
1422
1431
1456
1467
1483
1485
1491
1509
1513
1516
1520
1522
1523
1530
1538
1551
1554
1557
1559
1563
1570
1571
1580
1584
1589
1590
1597
1433
1494
1555
1567
1487
1426
1438
1448
1459
1462
1479
1502
1515
1573
1576
1583
1591
1592
1548
1478
1545
1549
1574
1448
1459
1462
1475
1479
1515
1573
1578
1583
1587
1591
1596
1429
1435
1446
1464
1473
1487
1515
1525
1526
1545
1549
1565
1584
1469
1472
1482
1541
1464
1487
1489
1502
1503
1515
1526
1434
1439
1441
1447
1449
1456
1457
1467
1470
1471
1480
1483
1488
1491
1509
1516
1520
1522
1530
1535
1538
1539
1542
1544
1547
1551
1554
1557
1559
1564
1570
1584
1585
1589
1590
1597
1598
1600
1438
1462
1479
1495
1573
1578
1583
1596
1494
1511
1567
1441
1460
1544
1564
1585
1590
1444
1473
1492
1523
1525
1539
1540
1569
1584
1597
1600
1444
1472
1575
1583
1440
1551
1594
1459
1462
1573
1583
1587
1592
1471
1559
1589
1523
1537
1590
1594
1544
1564
1585
1471
1453
1531
1472
1500
1536
1540
1569
1505
1514
1549
1565
1574
1456
1457
1458
1463
1470
1471
1483
1488
1509
1517
1535
1542
1551
1559
1570
1571
1580
1584
1589
1597
1598
1459
1462
1472
1475
1479
1573
1576
1591
1596
1456
1458
1467
1471
1480
1485
1488
1538
1547
1556
1584
1589
1598
1505
1534
1561
1495
1502
1515
1582
1468
1493
1533
1548
1568
1593
1478
1575
1495
1502
1503
1515
1473
1545
1457
1471
1480
1483
1488
1516
1524
1539
1542
1547
1556
1557
1559
1571
1580
1584
1589
1598
1471
1488
1491
1547
1584
1598
1600
1467
1480
1488
1590
1462
1475
1479
1489
1495
1502
1515
1550
1573
1576
1583
1587
1591
1592
1596
1470
1480
1501
1505
1509
1513
1522
1570
1590
1505
1475
1479
1550
1573
1576
1578
1583
1587
1591
1596
1487
1526
1483
1577
1480
1488
1491
1509
1516
1520
1522
1528
1539
1551
1554
1559
1584
1589
1590
1597
1598
1493
1533
1548
1568
1472
1482
1496
1504
1507
1536
1541
1483
1509
1519
1535
1551
1553
1559
1563
1570
1590
1480
1483
1488
1491
1509
1516
1530
1538
1547
1551
1554
1556
1559
1561
1563
1580
1584
1589
1590
1597
1598
1600
1482
1496
1500
1504
1507
1525
1529
1536
1541
1569
1575
1487
1502
1525
1536
1545
1569
1574
1584
1479
1502
1573
1576
1591
1596
1527
1505
1585
1545
1566
1502
1515
1573
1576
1578
1583
1587
1595
1596
1488
1501
1513
1556
1590
1598
1600
1503
1569
1591
1496
1504
1525
1529
1536
1541
1498
1517
1535
1551
1570
1571
1580
1584
1589
1597
1598
1509
1520
1554
1559
1563
1497
1536
1543
1545
1574
1516
1522
1530
1539
1542
1547
1554
1557
1559
1584
1598
1495
1502
1503
1515
1591
1516
1522
1530
1532
1538
1539
1547
1551
1557
1559
1572
1584
1589
1597
1569
1548
1568
1511
1555
1567
1588
1593
1502
1508
1515
1573
1583
1591
1595
1504
1507
1525
1529
1536
1541
1545
1569
1574
1566
1599
1537
1571
1546
1552
1562
1504
1525
1536
1513
1503
1515
1573
1587
1591
1596
1507
1525
1536
1541
1528
1534
1552
1561
1593
1512
1541
1513
1516
1517
1520
1528
1551
1554
1559
1563
1570
1584
1589
1590
1553
1555
1567
1543
1522
1528
1535
1584
1590
1574
1573
1582
1591
1595
1520
1522
1530
1539
1547
1551
1554
1557
1559
1570
1584
1589
1597
1598
1600
1580
1537
1567
1527
1528
1535
1553
1557
1570
1523
1530
1540
1551
1554
1557
1559
1563
1584
1589
1590
1597
1600
1528
1530
1532
1547
1551
1553
1554
1557
1559
1563
1570
1584
1589
1590
1600
1532
1540
1554
1557
1572
1600
1557
1572
1580
1589
1529
1536
1541
1549
1569
1545
1565
1557
1559
1563
1589
1569
1574
1554
1559
1563
1580
1584
1589
1597
1598
1543
1597
1548
1568
1577
1537
1551
1559
1570
1571
1574
1567
1542
1556
1559
1563
1584
1589
1540
1551
1557
1559
1584
1554
1557
1569
1584
1597
1600
1580
1589
1598
1574
1564
1585
1574
1551
1554
1556
1559
1584
1589
1600
1568
1565
1574
1573
1576
1578
1583
1591
1596
1554
1559
1563
1570
1580
1584
1589
1597
1555
1570
1579
1557
1559
1563
1570
1584
1589
1597
1600
1561
1567
1579
1588
1593
1559
1584
1589
1597
1598
1600
1561
1563
1570
1580
1584
1589
1594
1597
1598
1570
1584
1589
1590
1585
1599
1588
1593
1591
1580
1584
1590
1598
1600
1580
1589
1598
1600
1597
1576
1578
1583
1587
1591
1592
1595
1596
1578
1583
1587
1592
1596
1596
1589
1598
1587
1591
1592
1595
1596
1589
1590
1595
1597
1598
1600
1590
1591
1596
1593
1590
1597
1598
1595
1596
1600
1600
