1912
1832
1833
1834
1835
1836
1837
1838
1839
1840
1841
1842
1843
1844
1845
1846
1847
1848
1849
1850
1851
1852
1853
1854
1855
1856
1857
1858
1859
1860
1861
1862
1863
1864
1865
1866
1867
1868
1869
1870
1871
1872
1873
1874
1875
1876
1877
1878
1879
1880
1881
1882
1883
1884
1885
1886
1887
1888
1889
1890
1891
1892
1893
1894
1895
1896
1897
1898
1899
1900
1901
1902
1903
1904
1905
1906
1907
1908
1909
1910
1911
1912
1926
1932
1939
1945
1951
1955
1972
1973
1976
1991
1995
1998
2001
2004
2007
2009
2018
2024
2027
2032
2038
2039
2042
2054
2068
2071
2072
2081
2102
2111
2116
2117
2127
2128
2133
2135
2138
2143
2153
2157
2171
2174
2180
2183
2187
2189
2199
2203
2223
2224
2225
2247
2250
2254
1844
1855
1878
1881
1882
1844
1844
1878
1882
1897
1912
1844
1882
1844
1848
1850
1870
1871
1875
1878
1881
1882
1893
1894
1899
1907
1882
1885
1897
1870
1861
1864
1882
1870
1878
1912
1967
1844
1844
1853
1870
1878
1881
1882
1859
1872
1876
1882
1897
1850
1893
1853
1871
1882
1897
1901
1844
1881
1882
1882
1841
1850
1857
1859
1862
1871
1872
1873
1875
1893
1899
1903
1835
1842
1846
1861
1863
1888
1848
1871
1875
1837
1880
1892
1895
1857
1872
1873
1899
1837
1880
1892
1895
1861
1867
1877
1888
1891
1845
1866
1889
1867
1881
1885
1897
1910
1882
1885
1897
1844
1881
1897
1835
1839
1849
1861
1864
1868
1879
1888
1900
1902
1848
1871
1876
1893
1894
1899
1906
1907
1871
1860
1833
1835
1842
1845
1864
1888
1891
1839
1846
1858
1863
1909
1876
1906
1833
1835
1836
1842
1861
1867
1877
1879
1886
1888
1891
1909
1835
1835
1846
1851
1888
1838
1844
1870
1878
1881
1882
1910
1843
1845
1864
1898
1902
1850
1871
1833
1835
1888
1902
1870
1882
1837
1880
1895
1910
1904
1906
1850
1857
1871
1893
1894
1907
1848
1871
1893
1894
1899
1907
1876
1833
1835
1836
1839
1846
1849
1867
1868
1879
1886
1888
1902
1832
1833
1835
1845
1864
1867
1886
1888
1844
1870
1878
1881
1852
1833
1849
1886
1888
1842
1849
1861
1868
1888
1898
1902
1871
1893
1889
1857
1859
1873
1899
1837
1880
1895
1832
1868
1898
1832
1833
1839
1863
1879
1888
1898
1852
1844
1910
1837
1880
1895
1876
1904
1832
1833
1839
1849
1864
1868
1879
1886
1888
1898
1902
1833
1835
1843
1845
1867
1888
1891
1897
1871
1894
1847
1866
1850
1871
1868
1900
1863
1883
1841
1857
1862
1872
1873
1899
1903
1878
1882
1833
1835
1839
1842
1849
1874
1888
1891
1902
1909
1889
1833
1835
1839
1842
1845
1861
1874
1879
1888
1891
1902
1857
1862
1872
1899
1833
1839
1845
1856
1864
1888
1898
1832
1833
1839
1845
1849
1864
1868
1879
1888
1898
1871
1893
1894
1840
1873
1893
1899
1857
1875
1899
1846
1837
1880
1895
1833
1835
1839
1842
1849
1851
1864
1867
1877
1886
1888
1891
1902
1861
1868
1860
1835
1842
1861
1868
1888
1898
1902
1833
1839
1842
1864
1879
1888
1840
1844
1890
1835
1843
1851
1867
1877
1888
1833
1835
1842
1849
1867
1877
1879
1886
1888
1833
1835
1839
1842
1845
1849
1864
1868
1874
1879
1888
1898
1900
1902
1911
1850
1857
1862
1872
1893
1899
1903
1904
1844
1881
1882
1886
1848
1857
1871
1872
1875
1893
1894
1899
1907
1857
1884
1899
1903
1889
1833
1839
1842
1845
1849
1864
1867
1879
1886
1888
1902
1909
1848
1871
1894
1899
1907
1857
1859
1862
1884
1899
1848
1871
1893
1894
1857
1859
1862
1893
1899
1903
1861
1833
1839
1849
1863
1868
1879
1886
1888
1898
1902
1844
1853
1897
1901
1835
1845
1846
1883
1888
1902
1890
1833
1835
1867
1886
1888
1835
1842
1843
1856
1861
1898
1902
1848
1850
1871
1893
1894
1907
1908
1841
1857
1859
1862
1872
1899
1855
1876
1904
1861
1832
1842
1864
1868
1898
1832
1849
1864
1868
1879
1898
1900
1902
1869
1876
1904
1876
1889
1896
1857
1884
1835
1842
1861
1867
1891
1902
1911
1835
1845
1864
1888
1845
1864
1867
1877
1888
1905
1876
1876
1881
1885
1895
1897
1896
1861
1905
1842
1861
1864
1898
1902
1833
1835
1839
1849
1851
1867
1877
1879
1886
1888
1891
1859
1893
1899
1903
1876
1896
1868
1900
1901
1910
1848
1871
1875
1893
1894
1907
1841
1857
1859
1871
1873
1893
1832
1839
1849
1881
1888
1898
1868
1900
1869
1876
1897
1904
1847
1904
1861
1908
1839
1842
1845
1849
1861
1864
1888
1902
1845
1861
1864
1867
1870
1877
1888
1833
1835
1839
1842
1849
1861
1867
1877
1879
1888
1858
1863
1866
1911
1832
1833
1835
1839
1842
1843
1845
1849
1861
1864
1867
1868
1879
1886
1888
1898
1902
1833
1835
1839
1849
1867
1879
1888
1844
1853
1870
1878
1881
1882
1902
1871
1894
1857
1859
1873
1899
1903
1832
1833
1839
1851
1868
1888
1898
1902
1847
1866
1832
1833
1835
1842
1844
1849
1861
1867
1868
1877
1879
1886
1888
1898
1902
1907
1838
1866
1839
1888
1890
1846
1860
1864
1886
1909
1910
1897
1837
1880
1892
1895
1848
1871
1893
1894
1907
1841
1857
1859
1862
1873
1884
1899
1833
1835
1839
1842
1845
1849
1864
1868
1874
1879
1888
1898
1900
1902
1848
1871
1893
1894
1850
1841
1857
1859
1862
1871
1873
1884
1893
1894
1899
1903
1890
1832
1833
1839
1842
1843
1845
1849
1861
1864
1879
1886
1888
1902
1848
1871
1894
1847
1904
1835
1845
1861
1864
1897
1911
1867
1886
1888
1844
1870
1878
1881
1882
1882
1857
1862
1872
1899
1835
1845
1864
1833
1835
1839
1842
1849
1861
1864
1868
1877
1888
1898
1902
1837
1880
1892
1895
1841
1857
1862
1872
1899
1847
1844
1878
1882
1833
1836
1839
1843
1845
1851
1863
1886
1888
1911
1835
1839
1842
1843
1845
1849
1858
1861
1879
1888
1891
1898
1902
1909
1911
1833
1839
1842
1849
1864
1868
1879
1886
1888
1898
1902
1833
1835
1836
1839
1842
1843
1849
1867
1868
1879
1886
1888
1898
1902
1909
1840
1833
1835
1844
1864
1886
1888
1894
1841
1857
1862
1872
1873
1833
1839
1849
1863
1868
1879
1888
1832
1833
1839
1849
1863
1868
1874
1879
1886
1888
1898
1835
1843
1867
1881
1885
1888
1866
1837
1892
1895
1889
1896
1869
1876
1904
1906
1844
1878
1881
1833
1835
1842
1861
1867
1877
1879
1886
1888
1891
1898
1894
1841
1859
1884
1899
1907
1833
1835
1836
1839
1845
1879
1888
1858
1865
1909
1911
1832
1833
1839
1842
1845
1849
1868
1879
1886
1888
1898
1902
1844
1878
1882
1833
1839
1845
1868
1886
1888
1891
1898
1909
1841
1857
1871
1872
1893
1899
1903
1876
1835
1842
1849
1861
1868
1888
1898
1902
1846
1858
1909
1911
1901
1832
1833
1839
1863
1868
1879
1886
1888
1898
1866
1871
1876
1893
1894
1876
1904
1857
1871
1893
1894
1883
1908
1833
1839
1842
1849
1868
1879
1888
1902
1842
1861
1867
1868
1879
1888
1898
1900
1902
1833
1835
1842
1846
1851
1861
1863
1867
1879
1888
1891
1902
1889
1896
1866
1882
1835
1868
1879
1888
1833
1839
1849
1867
1879
1886
1888
1835
1851
1888
1876
1833
1835
1839
1845
1849
1867
1877
1879
1886
1888
1902
1833
1835
1849
1864
1868
1879
1886
1888
1891
1837
1895
1866
1876
1847
1857
1899
1833
1835
1839
1842
1861
1863
1864
1868
1879
1888
1898
1841
1857
1859
1862
1871
1872
1873
1884
1893
1838
1835
1843
1846
1851
1891
1836
1845
1852
1851
1833
1867
1879
1888
1833
1835
1839
1842
1845
1849
1864
1867
1868
1879
1886
1888
1898
1902
1835
1842
1868
1879
1888
1858
1847
1841
1857
1859
1871
1873
1875
1887
1893
1894
1899
1903
1835
1839
1842
1849
1861
1864
1868
1888
1891
1898
1902
1832
1833
1839
1868
1879
1886
1888
1898
1835
1867
1886
1888
1844
1833
1835
1839
1842
1843
1845
1849
1858
1863
1864
1879
1886
1888
1902
1901
1910
1855
1869
1833
1839
1842
1845
1846
1849
1858
1861
1863
1864
1879
1888
1902
1911
1850
1871
1893
1907
1837
1880
1895
1885
1888
1897
1910
1889
1839
1842
1864
1879
1888
1902
1857
1859
1862
1872
1873
1884
1899
1903
1904
1835
1839
1842
1845
1849
1861
1864
1867
1879
1881
1885
1888
1891
1902
1876
1847
1841
1857
1859
1872
1873
1875
1893
1899
1857
1859
1862
1833
1835
1839
1842
1845
1849
1864
1867
1868
1879
1888
1902
1911
1862
1899
1837
1880
1895
1910
1841
1857
1859
1862
1871
1872
1873
1884
1893
1899
1903
1869
1906
1833
1853
1882
1832
1833
1839
1842
1845
1849
1867
1868
1879
1881
1888
1898
1900
1902
1845
1850
1876
1833
1835
1839
1861
1867
1877
1888
1833
1835
1842
1849
1861
1867
1885
1888
1902
1848
1871
1862
1872
1875
1903
1850
1885
1897
1833
1839
1849
1861
1867
1877
1879
1888
1902
1833
1835
1846
1888
1891
1902
1832
1833
1835
1839
1849
1863
1864
1868
1879
1888
1898
1900
1902
1841
1857
1859
1862
1872
1904
1906
1876
1848
1850
1857
1871
1872
1893
1894
1907
1835
1861
1891
1905
1833
1835
1839
1849
1867
1868
1886
1888
1891
1876
1910
1833
1835
1845
1864
1879
1886
1888
1891
1832
1833
1849
1868
1879
1888
1898
1902
1833
1835
1836
1839
1846
1886
1888
1891
1848
1850
1871
1893
1866
1908
1869
1876
1904
1906
1841
1848
1857
1859
1862
1871
1872
1873
1875
1884
1893
1894
1899
1903
1867
1857
1899
1832
1835
1839
1842
1849
1861
1868
1902
1844
1871
1893
1894
1907
1871
1893
1894
1852
1858
1863
1891
1911
1841
1857
1859
1899
1907
1832
1839
1849
1868
1879
1888
1898
1900
1887
1893
1833
1845
1864
1867
1886
1888
1832
1833
1839
1842
1849
1868
1879
1888
1898
1900
1833
1839
1842
1864
1879
1886
1888
1833
1835
1845
1864
1867
1891
1833
1835
1839
1842
1864
1879
1888
1841
1857
1862
1887
1899
1835
1888
1844
1841
1857
1859
1862
1873
1884
1899
1903
1876
1833
1835
1839
1886
1888
1900
1871
1893
1894
1840
1876
1833
1835
1836
1846
1852
1860
1863
1877
1886
1888
1866
1841
1848
1871
1893
1894
1876
1833
1835
1846
1864
1879
1883
1888
1844
1878
1837
1880
1895
1841
1857
1875
1884
1899
1903
1871
1894
1838
1844
1870
1878
1881
1882
1837
1880
1895
1844
1870
1882
1858
1863
1865
1909
1911
1841
1857
1859
1862
1872
1873
1884
1899
1903
1835
1839
1842
1868
1888
1891
1902
1850
1871
1875
1893
1894
1901
1866
1836
1852
1858
1909
1911
1833
1835
1842
1843
1845
1851
1861
1864
1868
1888
1902
1833
1835
1839
1842
1861
1868
1879
1888
1898
1900
1835
1839
1843
1845
1849
1861
1864
1867
1868
1879
1888
1902
1844
1870
1878
1881
1882
1901
1837
1880
1895
1833
1835
1844
1888
1891
1897
1833
1839
1842
1849
1864
1879
1888
1902
1833
1839
1888
1898
1858
1860
1863
1865
1909
1911
1869
1876
1906
1833
1839
1867
1879
1886
1888
1833
1867
1877
1886
1888
1833
1835
1839
1842
1845
1864
1879
1886
1888
1898
1910
1881
1897
1910
1835
1861
1867
1888
1841
1857
1859
1862
1872
1873
1875
1884
1893
1899
1903
1857
1859
1872
1893
1899
1847
1904
1844
1878
1882
1859
1862
1894
1833
1839
1845
1849
1864
1879
1888
1902
1833
1835
1839
1842
1845
1846
1849
1860
1861
1867
1868
1879
1886
1888
1891
1898
1902
1911
1876
1881
1910
1897
1844
1878
1881
1882
1835
1839
1861
1868
1898
1900
1902
1847
1866
1833
1835
1839
1842
1843
1849
1858
1863
1867
1868
1879
1888
1891
1898
1902
1909
1911
1837
1880
1897
1842
1886
1876
1833
1835
1839
1849
1851
1867
1877
1879
1886
1888
1909
1835
1836
1846
1851
1852
1832
1833
1839
1849
1868
1879
1886
1888
1898
1900
1902
1837
1880
1895
1910
1871
1873
1876
1893
1894
1907
1844
1833
1867
1886
1888
1833
1835
1839
1842
1846
1851
1864
1867
1879
1888
1891
1902
1833
1835
1839
1842
1843
1851
1861
1864
1867
1868
1879
1881
1885
1886
1888
1891
1898
1902
1837
1880
1892
1895
1857
1862
1872
1899
1903
1832
1839
1868
1879
1888
1898
1857
1899
1871
1893
1894
1909
1910
1835
1842
1845
1849
1864
1868
1888
1898
1902
1843
1888
1898
1833
1835
1839
1842
1843
1849
1867
1868
1877
1879
1886
1888
1902
1832
1833
1835
1839
1843
1845
1849
1867
1868
1877
1886
1888
1898
1857
1871
1894
1899
1835
1842
1845
1864
1879
1902
1909
1848
1871
1893
1894
1844
1882
1833
1845
1851
1863
1888
1833
1835
1839
1845
1849
1864
1867
1868
1879
1888
1898
1902
1833
1839
1888
1833
1839
1868
1888
1898
1900
1889
1857
1899
1835
1846
1851
1860
1883
1871
1893
1894
1864
1844
1878
1882
1885
1897
1832
1835
1839
1842
1845
1861
1863
1864
1868
1898
1866
1891
1841
1859
1875
1862
1872
1906
1833
1835
1839
1877
1879
1886
1888
1899
1904
1843
1858
1883
1909
1911
1833
1835
1839
1846
1864
1867
1879
1886
1888
1891
1902
1866
1841
1871
1872
1873
1875
1884
1899
1903
1837
1880
1889
1895
1896
1844
1857
1859
1873
1884
1893
1899
1903
1844
1853
1878
1881
1882
1893
1904
1844
1850
1832
1833
1835
1839
1842
1845
1849
1864
1867
1868
1877
1879
1886
1888
1898
1900
1902
1905
1841
1857
1859
1862
1875
1899
1903
1866
1846
1860
1867
1877
1894
1897
1881
1839
1843
1845
1849
1858
1864
1902
1909
1911
1859
1899
1888
1843
1852
1858
1863
1865
1883
1909
1911
1905
1910
1876
1882
1835
1839
1842
1843
1849
1861
1863
1868
1879
1888
1898
1902
1857
1873
1893
1833
1836
1839
1852
1860
1863
1868
1874
1886
1888
1871
1894
1837
1880
1895
1885
1897
1871
1875
1893
1894
1832
1833
1839
1849
1868
1874
1879
1886
1888
1898
1902
1832
1833
1839
1868
1888
1898
1845
1846
1852
1863
1841
1848
1857
1859
1862
1872
1873
1875
1887
1893
1899
1903
1835
1842
1851
1841
1857
1859
1862
1872
1873
1884
1899
1903
1833
1888
1844
1853
1878
1883
1912
1920
1941
1945
1948
1959
2007
2028
2032
2042
2047
2053
2054
2065
2068
2081
2087
2102
2111
2117
2125
2128
2132
2134
2135
2138
2148
2149
2153
2169
2180
2183
2187
2191
2194
2196
2198
2199
2203
2223
2239
2247
2250
1833
1835
1839
1843
1846
1851
1867
1886
1888
1837
1880
1892
1895
1866
1869
1876
1889
1904
1906
1835
1843
1861
1868
1888
1832
1833
1835
1839
1842
1849
1863
1868
1879
1886
1888
1898
1902
1909
1847
1869
1876
1904
1906
1901
1840
1862
1887
1893
1899
1909
1910
1841
1857
1859
1862
1871
1872
1873
1884
1893
1899
1903
1833
1839
1849
1851
1858
1863
1874
1879
1886
1888
1876
1847
1869
1876
1904
1832
1835
1842
1849
1868
1879
1888
1898
1902
1845
1874
1888
1835
1836
1845
1846
1891
1844
1853
1881
1885
1897
1910
1832
1833
1836
1839
1845
1863
1868
1879
1888
1898
1850
1893
1833
1839
1842
1849
1864
1867
1879
1888
1837
1880
1895
1871
1893
1894
1907
1847
1904
1881
1885
1910
1889
1845
1851
1909
1848
1850
1871
1893
1894
1907
1850
1894
1876
1904
1906
1847
1876
1848
1871
1893
1894
1833
1835
1839
1842
1861
1864
1886
1888
1891
1901
1866
1878
1835
1842
1846
1851
1852
1883
1844
1878
1882
1893
1848
1871
1875
1893
1899
1833
1835
1839
1849
1867
1868
1879
1888
1845
1898
1866
1832
1845
1861
1864
1900
1833
1835
1842
1846
1861
1877
1888
1891
1909
1911
1833
1835
1839
1842
1845
1851
1864
1868
1877
1879
1886
1888
1898
1835
1852
1863
1867
1877
1891
1911
1867
1888
1876
1897
1844
1853
1878
1852
1911
1835
1845
1864
1855
1833
1839
1849
1867
1868
1879
1888
1902
1876
1833
1867
1886
1888
1837
1880
1895
1835
1842
1843
1861
1868
1898
1876
1881
1897
1906
1856
1833
1839
1874
1888
1835
1839
1861
1867
1877
1845
1864
1867
1877
1891
1909
1847
1904
1832
1839
1845
1868
1888
1898
1902
1844
1870
1878
1881
1905
1844
1853
1910
1889
1832
1833
1839
1849
1864
1868
1879
1886
1888
1898
1902
1837
1880
1892
1895
1844
1841
1875
1833
1835
1839
1842
1843
1845
1849
1861
1864
1867
1868
1877
1879
1888
1891
1898
1902
1858
1847
1861
1908
1833
1835
1839
1845
1849
1861
1864
1867
1877
1879
1888
1891
1847
1866
1886
1888
1833
1835
1845
1861
1864
1867
1877
1879
1886
1888
1860
1833
1835
1839
1842
1843
1849
1861
1864
1868
1879
1888
1891
1898
1902
1852
1863
1911
1886
1889
1896
1833
1835
1836
1839
1845
1852
1861
1891
1860
1905
1844
1870
1881
1882
1910
1847
1866
1837
1880
1895
1862
1872
1903
1833
1835
1839
1842
1861
1888
1891
1902
1833
1839
1849
1864
1879
1902
1911
1877
1857
1862
1871
1873
1884
1893
1899
1870
1882
1885
1894
1841
1862
1872
1884
1899
1912
1913
1916
1920
1932
1940
1941
1945
1947
1948
1954
1959
1994
2002
2007
2010
2026
2028
2032
2038
2039
2042
2047
2052
2053
2054
2062
2068
2071
2072
2081
2087
2101
2102
2111
2117
2125
2127
2128
2132
2133
2134
2135
2137
2138
2143
2144
2148
2149
2151
2153
2163
2169
2174
2176
2180
2183
2187
2189
2191
2194
2196
2198
2199
2203
2215
2223
2224
2239
2241
2246
2247
2250
1857
1862
1871
1833
1839
1842
1849
1861
1868
1879
1888
1898
1902
1848
1871
1893
1894
1841
1857
1859
1862
1871
1872
1873
1884
1899
1903
1833
1835
1839
1843
1845
1849
1864
1867
1868
1877
1879
1886
1888
1894
1902
1860
1905
1857
1893
1899
1847
1866
1833
1835
1839
1842
1845
1849
1864
1867
1868
1879
1886
1888
1891
1902
1835
1846
1851
1863
1879
1883
1886
1888
1902
1841
1857
1862
1871
1872
1873
1884
1887
1893
1899
1841
1872
1866
1851
1858
1909
1911
1875
1893
1894
1841
1857
1859
1862
1872
1873
1884
1899
1903
1833
1842
1867
1877
1879
1886
1888
1832
1833
1839
1842
1843
1849
1867
1868
1877
1879
1886
1888
1898
1902
1901
1835
1861
1867
1877
1879
1888
1891
1837
1880
1895
1882
1833
1835
1839
1845
1849
1864
1879
1886
1888
1835
1839
1842
1843
1849
1861
1863
1868
1879
1885
1888
1897
1898
1902
1839
1843
1849
1868
1888
1898
1902
1844
1870
1881
1882
1896
1833
1835
1839
1842
1861
1888
1902
1835
1842
1861
1864
1888
1898
1902
1832
1833
1839
1842
1849
1868
1874
1879
1886
1888
1891
1898
1902
1841
1857
1862
1872
1873
1887
1899
1903
1833
1835
1836
1839
1849
1851
1867
1877
1879
1886
1888
1891
1833
1835
1842
1849
1861
1867
1868
1879
1888
1891
1902
1833
1846
1851
1864
1867
1886
1888
1866
1844
1881
1882
1833
1835
1845
1849
1851
1864
1877
1886
1888
1836
1877
1832
1833
1839
1849
1861
1868
1879
1886
1888
1898
1833
1835
1845
1861
1864
1867
1877
1881
1885
1888
1900
1833
1835
1839
1842
1849
1867
1868
1879
1886
1888
1891
1902
1833
1835
1839
1842
1843
1845
1849
1851
1861
1867
1877
1879
1886
1888
1891
1902
1833
1864
1867
1879
1888
1909
1904
1844
1878
1851
1858
1863
1865
1883
1909
1911
1890
1857
1859
1872
1873
1875
1887
1899
1903
1837
1895
1876
1833
1835
1867
1877
1888
1876
1876
1906
1857
1859
1862
1899
1903
1857
1859
1873
1884
1893
1899
1903
1835
1842
1845
1851
1861
1888
1871
1893
1835
1839
1846
1851
1888
1891
1902
1840
1866
1908
1833
1835
1867
1888
1867
1844
1878
1881
1882
1867
1881
1885
1841
1862
1872
1899
1837
1895
1850
1871
1904
1867
1877
1879
1888
1833
1835
1867
1877
1888
1841
1859
1862
1872
1852
1881
1897
1835
1861
1867
1877
1888
1891
1848
1859
1871
1893
1894
1907
1833
1835
1839
1842
1845
1864
1879
1888
1891
1833
1835
1839
1842
1849
1851
1861
1867
1868
1877
1879
1886
1888
1891
1898
1902
1909
1876
1833
1839
1842
1845
1849
1867
1868
1879
1888
1898
1902
1840
1833
1839
1849
1868
1879
1886
1888
1898
1902
1833
1835
1842
1845
1861
1888
1891
1898
1902
1908
1844
1878
1881
1910
1855
1869
1844
1878
1860
1863
1883
1833
1835
1843
1861
1867
1881
1885
1888
1891
1902
1844
1870
1847
1852
1882
1857
1859
1862
1871
1872
1873
1884
1893
1847
1841
1873
1884
1893
1899
1903
1833
1835
1836
1839
1849
1867
1877
1881
1888
1891
1833
1835
1839
1845
1861
1879
1888
1902
1876
1866
1845
1861
1864
1867
1877
1881
1885
1833
1835
1842
1849
1864
1867
1877
1879
1888
1891
1902
1857
1862
1873
1875
1884
1899
1881
1910
1844
1870
1881
1882
1844
1909
1847
1876
1838
1845
1858
1863
1865
1909
1911
1840
1876
1850
1871
1894
1866
1850
1871
1893
1833
1839
1842
1845
1849
1864
1868
1879
1886
1888
1902
1876
1904
1861
1900
1832
1833
1839
1846
1849
1863
1868
1879
1888
1898
1833
1835
1839
1846
1849
1864
1867
1868
1879
1886
1888
1902
1841
1859
1872
1873
1875
1884
1899
1903
1841
1862
1871
1872
1899
1835
1861
1867
1868
1877
1888
1891
1898
1835
1836
1846
1852
1863
1909
1911
1912
1916
1920
1926
1932
1940
1945
1947
1948
1954
1955
2003
2007
2010
2028
2031
2032
2038
2042
2052
2054
2068
2071
2072
2081
2087
2102
2111
2117
2125
2127
2132
2133
2143
2144
2148
2149
2151
2153
2155
2169
2174
2176
2180
2185
2187
2189
2196
2198
2199
2203
2223
2224
2239
2241
2246
2247
2250
2254
1847
1841
1862
1893
1899
1833
1835
1849
1867
1879
1888
1902
1864
1868
1909
1839
1842
1864
1868
1888
1898
1861
1867
1877
1850
1876
1906
1876
1881
1841
1872
1875
1848
1850
1871
1893
1894
1899
1907
1833
1835
1839
1842
1845
1849
1861
1864
1867
1868
1879
1886
1888
1891
1898
1902
1848
1871
1907
1837
1880
1892
1895
1833
1845
1861
1888
1902
1833
1835
1836
1839
1845
1849
1851
1867
1877
1886
1888
1833
1839
1842
1845
1849
1864
1879
1888
1900
1902
1833
1877
1879
1888
1876
1876
1904
1906
1882
1833
1861
1867
1868
1879
1886
1888
1898
1848
1871
1893
1894
1907
1844
1901
1910
1844
1882
1833
1835
1839
1849
1867
1868
1877
1879
1886
1888
1891
1898
1902
1837
1880
1895
1833
1835
1844
1849
1867
1879
1888
1902
1848
1871
1875
1893
1894
1833
1835
1861
1867
1868
1886
1888
1891
1833
1835
1845
1861
1864
1886
1888
1891
1845
1864
1879
1833
1835
1868
1879
1886
1888
1898
1835
1837
1858
1840
1833
1835
1843
1864
1867
1868
1885
1888
1897
1844
1870
1878
1882
1835
1842
1846
1851
1883
1844
1870
1878
1881
1882
1844
1833
1835
1842
1845
1849
1860
1861
1863
1864
1868
1879
1888
1891
1898
1900
1902
1909
1836
1845
1876
1904
1906
1867
1842
1849
1861
1868
1879
1888
1898
1902
1844
1881
1835
1836
1845
1851
1879
1886
1911
1845
1882
1851
1883
1905
1858
1909
1869
1833
1835
1842
1851
1886
1888
1909
1848
1871
1887
1893
1894
1906
1907
1837
1895
1848
1850
1857
1871
1872
1873
1893
1894
1907
1837
1876
1880
1892
1895
1833
1861
1867
1877
1879
1888
1841
1844
1878
1833
1835
1839
1842
1849
1851
1861
1864
1868
1888
1898
1902
1860
1833
1835
1839
1842
1845
1864
1867
1868
1879
1888
1844
1850
1871
1881
1894
1897
1910
1833
1835
1839
1861
1867
1877
1891
1833
1849
1867
1888
1902
1854
1837
1880
1895
1833
1835
1836
1839
1845
1849
1867
1877
1879
1886
1888
1833
1835
1836
1839
1842
1843
1845
1849
1864
1867
1868
1877
1879
1881
1886
1888
1891
1898
1902
1844
1837
1895
1847
1866
1833
1835
1839
1842
1849
1861
1863
1868
1879
1886
1888
1898
1902
1852
1858
1911
1866
1908
1885
1897
1832
1833
1839
1868
1879
1886
1888
1898
1900
1833
1839
1845
1868
1877
1879
1888
1835
1839
1842
1861
1888
1902
1871
1893
1894
1833
1835
1839
1842
1845
1861
1864
1867
1868
1879
1885
1888
1891
1898
1911
1869
1906
1835
1839
1864
1867
1868
1886
1888
1898
1902
1846
1858
1863
1909
1911
1885
1897
1833
1835
1846
1867
1877
1888
1848
1859
1871
1893
1894
1907
1839
1888
1905
1833
1835
1839
1849
1879
1886
1888
1902
1848
1871
1893
1894
1839
1842
1868
1879
1888
1833
1835
1839
1843
1845
1849
1861
1864
1867
1877
1879
1886
1888
1891
1902
1848
1871
1893
1894
1907
1910
1901
1910
1839
1868
1886
1888
1898
1835
1839
1842
1849
1867
1879
1886
1888
1902
1839
1842
1845
1851
1861
1864
1867
1883
1888
1891
1902
1852
1880
1895
1842
1845
1849
1864
1879
1886
1888
1898
1902
1909
1857
1862
1872
1875
1843
1849
1861
1864
1868
1879
1888
1902
1845
1853
1878
1882
1897
1864
1902
1851
1883
1866
1871
1894
1864
1879
1888
1857
1893
1863
1859
1862
1872
1884
1893
1899
1863
1908
1911
1862
1911
1888
1891
1902
1872
1899
1903
1879
1883
1888
1909
1911
1879
1888
1902
1911
1877
1881
1885
1886
1888
1888
1898
1900
1902
1904
1882
1893
1894
1907
1893
1903
1899
1903
1888
1906
1888
1882
1888
1898
1902
1892
1895
1882
1885
1897
1910
1899
1903
1897
1888
1899
1891
1898
1902
1894
1907
1910
1902
1903
1907
1910
1911
1906
1911
1913
1914
1915
1916
1917
1918
1919
1920
1921
1922
1923
1924
1925
1926
1927
1928
1929
1930
1931
1932
1933
1934
1935
1936
1937
1938
1939
1940
1941
1942
1943
1944
1945
1946
1947
1948
1949
1950
1951
1952
1953
1954
1955
1956
1957
1958
1959
1960
1961
1962
1963
1964
1965
1966
1967
1968
1969
1970
1971
1972
1973
1974
1975
1976
1977
1978
1979
1980
1981
1982
1983
1984
1985
1986
1987
1988
1989
1990
1991
1992
1993
1994
1995
1996
1997
1998
1999
2000
2001
2002
2003
2004
2005
2006
2007
2008
2009
2010
2011
2012
2013
2014
2015
2016
2017
2018
2019
2020
2021
2022
2023
2024
2025
2026
2027
2028
2029
2030
2031
2032
2033
2034
2035
2036
2037
2038
2039
2040
2041
2042
2043
2044
2045
2046
2047
2048
2049
2050
2051
2052
2053
2054
2055
2056
2057
2058
2059
2060
2061
2062
2063
2064
2065
2066
2067
2068
2069
2070
2071
2072
2073
2074
2075
2076
2077
2078
2079
2080
2081
2082
2083
2084
2085
2086
2087
2088
2089
2090
2091
2092
2093
2094
2095
2096
2097
2098
2099
2100
2101
2102
2103
2104
2105
2106
2107
2108
2109
2110
2111
2112
2113
2114
2115
2116
2117
2118
2119
2120
2121
2122
2123
2124
2125
2126
2127
2128
2129
2130
2131
2132
2133
2134
2135
2136
2137
2138
2139
2140
2141
2142
2143
2144
2145
2146
2147
2148
2149
2150
2151
2152
2153
2154
2155
2156
2157
2158
2159
2160
2161
2162
2163
2164
2165
2166
2167
2168
2169
2170
2171
2172
2173
2174
2175
2176
2177
2178
2179
2180
2181
2182
2183
2184
2185
2186
2187
2188
2189
2190
2191
2192
2193
2194
2195
2196
2197
2198
2199
2200
2201
2202
2203
2204
2205
2206
2207
2208
2209
2210
2211
2212
2213
2214
2215
2216
2217
2218
2219
2220
2221
2222
2223
2224
2225
2226
2227
2228
2229
2230
2231
2232
2233
2234
2235
2236
2237
2238
2239
2240
2241
2242
2243
2244
2245
2246
2247
2248
2249
2250
2251
2252
2253
2254
2255
2256
2257
2258
2259
2116
2127
2203
2250
1919
1927
1931
1935
1951
1972
1973
1980
1991
1995
2000
2001
2004
2006
2009
2011
2018
2022
2024
2025
2027
2061
2097
2116
2171
2225
1922
2107
2114
2146
2156
2251
1932
1939
1940
1945
1947
1952
1954
1970
2002
2003
2007
2010
2028
2032
2039
2042
2052
2054
2081
2087
2102
2111
2125
2128
2132
2133
2143
2149
2151
2169
2174
2176
2183
2199
2203
2221
2241
2246
2247
2250
1918
1925
1929
1938
1943
1946
1953
1962
1963
1966
1979
1983
1984
1985
1986
1993
1997
2005
2020
2030
2033
2037
2040
2043
2045
2046
2055
2056
2059
2063
2064
2069
2073
2074
2077
2078
2083
2084
2086
2088
2090
2093
2095
2098
2103
2104
2108
2112
2115
2118
2121
2123
2124
2131
2136
2139
2140
2142
2150
2154
2165
2172
2179
2184
2188
2190
2200
2201
2206
2212
2216
2218
2220
2229
2237
2240
2244
2253
2257
2258
1925
1929
1938
1941
1943
1946
1962
1963
1971
1979
1983
1984
1985
1993
1997
2005
2020
2026
2030
2033
2043
2045
2046
2055
2056
2059
2064
2069
2073
2074
2078
2083
2084
2088
2090
2093
2095
2098
2104
2108
2109
2112
2115
2118
2121
2123
2124
2139
2140
2142
2154
2165
2172
2184
2188
2190
2200
2201
2206
2212
2213
2218
2220
2233
2240
2244
2257
1921
1927
1931
1935
1951
1954
1958
1968
1972
1973
1980
1995
1998
1999
2004
2006
2011
2016
2022
2024
2025
2061
2097
2143
2159
2171
2192
2202
2225
1932
1939
1940
1941
1945
1948
1955
1959
1987
1994
2007
2010
2028
2032
2038
2039
2042
2047
2052
2053
2054
2062
2068
2071
2072
2081
2087
2102
2111
2117
2125
2127
2128
2134
2135
2137
2138
2144
2148
2149
2151
2153
2161
2180
2183
2187
2191
2194
2196
2199
2215
2223
2224
2235
2241
2246
2247
2250
2259
1935
1951
1954
1968
1973
1980
2001
2004
2009
2013
2022
2024
2025
2027
2061
2116
2143
2159
2202
1990
2107
2120
2126
2129
2156
2160
1944
1945
1964
2029
2031
2032
2038
2047
2117
2133
2141
2145
2155
2163
2174
2176
2185
2205
2209
2211
2226
2241
2242
2247
2254
1988
2207
2259
1929
1942
1946
1966
1971
1979
1983
1984
1985
1993
2026
2030
2037
2043
2045
2056
2058
2069
2073
2078
2083
2084
2088
2095
2098
2104
2109
2112
2118
2122
2123
2124
2140
2142
2150
2164
2165
2172
2184
2188
2190
2200
2201
2206
2212
2218
2229
2233
2240
2244
2257
1932
1941
1945
1947
1954
1955
1959
1964
1970
2002
2007
2026
2031
2032
2036
2038
2039
2047
2053
2054
2068
2071
2072
2081
2082
2085
2087
2101
2102
2111
2125
2127
2133
2134
2138
2145
2149
2153
2161
2169
2174
2176
2183
2186
2187
2189
2191
2194
2199
2205
2209
2211
2214
2223
2224
2226
2232
2235
2241
2246
2247
2254
2259
1928
1931
1935
1951
1954
1957
1958
1972
1973
1980
1991
1995
1999
2000
2001
2004
2006
2011
2018
2022
2024
2027
2061
2097
2157
2159
2171
2192
2202
2225
1951
1972
1973
1976
1995
1998
2009
2013
2018
2027
2157
2171
1938
1943
1946
1962
1963
1966
1971
1979
1983
1984
1985
1993
2005
2020
2030
2033
2037
2040
2043
2045
2046
2059
2064
2073
2077
2078
2083
2086
2088
2090
2093
2095
2103
2104
2108
2109
2112
2115
2118
2121
2122
2123
2124
2131
2139
2140
2142
2150
2154
2164
2172
2184
2188
2190
2200
2201
2206
2218
2220
2229
2233
2240
2244
2253
2257
2258
1975
2035
2047
2049
2117
2129
1935
1954
1957
1968
1972
1973
1976
1980
1991
1995
1998
2001
2004
2006
2009
2011
2016
2022
2024
2025
2061
2116
2143
2159
2192
2202
2225
1941
1945
1947
1948
1994
2002
2007
2010
2028
2032
2039
2042
2047
2052
2068
2071
2072
2081
2087
2111
2117
2125
2127
2134
2135
2138
2144
2148
2149
2151
2153
2180
2183
2187
2189
2191
2194
2196
2199
2223
2224
2241
2246
2247
2120
2126
2129
2160
1936
2091
2145
1951
1954
1957
1958
1972
1973
1980
1991
1995
1999
2000
2001
2004
2006
2011
2022
2025
2061
2097
2159
2171
2192
2202
2225
1975
1978
1990
2023
2035
2047
2049
2173
2193
2248
2015
1941
1943
1946
1953
1962
1966
1971
1979
1983
1984
1985
1989
1993
1997
2005
2020
2030
2033
2037
2040
2043
2045
2046
2056
2059
2060
2063
2064
2069
2073
2074
2077
2078
2083
2084
2088
2090
2093
2095
2098
2103
2104
2108
2109
2112
2115
2118
2121
2122
2123
2124
2131
2136
2139
2140
2142
2150
2154
2165
2172
2179
2184
2188
2190
2200
2201
2206
2210
2212
2216
2218
2220
2229
2233
2237
2240
2244
2253
2257
1945
1947
1948
1981
2003
2032
2052
2053
2054
2062
2068
2072
2075
2081
2096
2101
2110
2111
2125
2132
2161
2180
2183
2199
2222
2235
2241
2243
2246
2247
1945
1948
1954
1994
2007
2010
2026
2028
2032
2039
2042
2052
2054
2068
2071
2081
2087
2102
2117
2125
2127
2133
2135
2138
2143
2148
2149
2151
2153
2163
2169
2174
2176
2180
2187
2191
2194
2196
2199
2203
2224
2233
2241
2246
2247
2250
1945
1946
1947
1948
1955
1959
1964
1971
1979
1985
1993
1994
2002
2005
2007
2021
2026
2028
2030
2032
2033
2039
2040
2042
2043
2046
2047
2052
2053
2054
2057
2058
2059
2063
2064
2065
2068
2071
2072
2078
2081
2087
2088
2090
2093
2095
2099
2101
2102
2103
2104
2108
2111
2117
2121
2123
2125
2127
2128
2131
2137
2138
2142
2144
2148
2150
2153
2165
2169
2180
2183
2184
2187
2188
2191
2194
2196
2199
2206
2208
2215
2223
2224
2229
2233
2239
2240
2244
2246
2247
2253
2257
1966
1983
1984
2007
2019
2037
2044
2058
2067
2078
2084
2088
2092
2142
2164
2201
2206
2218
2234
1946
1953
1962
1963
1966
1971
1979
1983
1984
1985
1986
1993
1997
2005
2020
2030
2033
2037
2040
2043
2045
2046
2055
2058
2059
2060
2063
2064
2069
2073
2074
2077
2078
2083
2084
2088
2090
2092
2093
2095
2098
2103
2104
2108
2109
2112
2115
2118
2121
2122
2123
2124
2131
2136
2139
2140
2142
2147
2150
2154
2165
2172
2179
2184
2188
2190
2200
2201
2206
2212
2213
2216
2218
2220
2229
2233
2237
2240
2244
2253
2257
1964
2029
2031
2038
2047
2117
2133
2141
2176
2182
2209
2211
2242
1947
1948
1954
1955
1959
1994
2002
2007
2010
2028
2032
2038
2039
2047
2052
2054
2068
2071
2072
2081
2087
2101
2102
2111
2117
2125
2127
2133
2135
2138
2143
2144
2148
2149
2151
2153
2161
2169
2174
2176
2183
2187
2189
2191
2194
2196
2199
2203
2223
2224
2232
2241
2246
2247
2250
2254
2259
1953
1962
1966
1971
1979
1983
1984
1985
1986
1989
1993
1997
2005
2020
2030
2033
2037
2040
2043
2045
2046
2058
2059
2060
2063
2064
2069
2073
2074
2077
2078
2083
2084
2086
2088
2090
2093
2095
2098
2103
2104
2108
2109
2112
2115
2118
2121
2122
2123
2124
2131
2136
2139
2140
2142
2150
2154
2164
2165
2172
2179
2184
2188
2200
2201
2206
2210
2212
2213
2216
2218
2220
2229
2233
2237
2240
2244
2253
2257
2258
1948
1954
1955
1959
1970
1981
2002
2003
2007
2010
2028
2032
2052
2053
2054
2062
2068
2072
2075
2081
2087
2101
2102
2110
2111
2117
2128
2132
2133
2149
2151
2153
2161
2169
2174
2180
2183
2196
2198
2199
2221
2222
2235
2241
2243
2246
2247
1954
1959
1994
2007
2010
2026
2028
2032
2038
2039
2042
2047
2052
2053
2054
2068
2071
2072
2081
2087
2102
2111
2117
2125
2128
2134
2135
2138
2143
2144
2148
2151
2153
2163
2169
2183
2187
2191
2194
2196
2199
2224
2241
2246
2247
2250
2126
2146
2152
2173
2181
2236
1957
1980
1991
1995
2004
2014
2061
2159
1954
1957
1958
1968
1972
1973
1976
1980
1991
1995
1998
1999
2000
2001
2004
2006
2009
2011
2018
2022
2024
2027
2050
2061
2097
2116
2157
2159
2171
2192
2202
2225
1970
2003
2062
2084
2110
2111
2221
2222
2226
1962
1979
1983
1985
1993
2005
2020
2033
2040
2043
2045
2046
2055
2059
2063
2064
2073
2074
2077
2078
2086
2088
2090
2093
2095
2103
2104
2108
2112
2115
2118
2121
2122
2123
2136
2139
2140
2150
2172
2184
2188
2190
2200
2201
2206
2210
2216
2218
2220
2240
2244
2257
1968
1972
1973
1999
2009
2010
2024
2032
2052
2054
2068
2072
2087
2102
2111
2116
2117
2125
2128
2133
2138
2143
2149
2151
2153
2169
2174
2176
2180
2187
2196
2199
2202
2203
2224
2241
2250
1959
2007
2026
2032
2038
2039
2053
2068
2071
2072
2081
2087
2111
2117
2125
2127
2133
2138
2144
2161
2169
2174
2180
2183
2187
2189
2199
2203
2222
2223
2224
2239
2247
2250
2254
2245
1968
1972
1973
1980
1991
1995
1998
2001
2006
2018
2025
2061
2097
2116
2159
2171
2202
2225
1980
1998
2000
2006
2022
2024
2027
2050
2061
2097
2116
2159
2171
1970
1981
1985
1987
1994
2002
2003
2007
2026
2032
2039
2042
2047
2054
2057
2062
2063
2068
2071
2072
2075
2081
2087
2101
2102
2110
2111
2117
2125
2132
2133
2134
2135
2138
2143
2149
2153
2161
2169
2174
2183
2187
2191
2194
2196
2199
2203
2215
2221
2223
2232
2235
2243
2250
2254
1964
1975
2023
2035
2070
2089
2091
2105
2120
2126
2129
2146
2152
2162
2166
2173
2197
2228
2231
2236
2128
1966
1971
1979
1983
1984
1985
1986
1993
2005
2020
2030
2033
2037
2040
2043
2045
2046
2055
2059
2060
2063
2064
2069
2073
2074
2078
2083
2084
2086
2088
2090
2093
2095
2098
2103
2104
2108
2109
2112
2115
2118
2121
2122
2123
2124
2131
2136
2139
2140
2142
2150
2154
2164
2165
2172
2179
2184
2188
2190
2200
2201
2206
2210
2212
2213
2216
2218
2220
2229
2233
2240
2244
2253
2257
1971
1993
2020
2033
2056
2059
2060
2063
2064
2069
2073
2074
2077
2088
2093
2098
2108
2109
2118
2121
2122
2123
2124
2131
2139
2140
2142
2154
2172
2190
2201
2218
2233
2237
2240
2244
2253
1965
1974
1977
2007
2023
2031
2035
2036
2038
2042
2047
2066
2081
2085
2091
2117
2126
2127
2133
2138
2141
2145
2149
2162
2174
2176
2185
2186
2189
2197
2209
2211
2214
2219
2226
2228
2232
2236
2242
2256
1975
2049
2114
2126
2133
2166
2176
2231
1971
1983
1984
1985
1986
1989
1993
1997
2005
2020
2030
2033
2037
2040
2043
2044
2045
2058
2059
2060
2062
2063
2064
2069
2073
2074
2078
2083
2084
2088
2090
2093
2095
2103
2104
2108
2109
2112
2115
2118
2121
2123
2124
2131
2139
2140
2142
2150
2154
2164
2165
2172
2184
2190
2201
2206
2210
2212
2218
2220
2229
2233
2240
2244
2253
2257
1973
1976
1980
1995
1999
2001
2006
2009
2018
2022
2024
2143
2159
2171
2202
2087
1981
2002
2003
2054
2062
2072
2075
2081
2087
2110
2111
2125
2132
2134
2151
2153
2155
2161
2163
2176
2183
2199
2221
2222
2226
2243
2247
1979
1983
1984
1985
1993
1997
2005
2020
2021
2030
2033
2037
2040
2043
2045
2056
2059
2064
2073
2074
2078
2086
2088
2090
2093
2095
2098
2103
2104
2108
2109
2112
2115
2118
2121
2123
2124
2131
2139
2140
2142
2150
2154
2164
2165
2172
2179
2184
2188
2190
2200
2201
2206
2212
2216
2218
2220
2229
2233
2237
2240
2244
2253
2257
1973
1976
1991
1995
1998
2000
2001
2004
2006
2009
2011
2012
2013
2018
2022
2024
2025
2027
2061
2097
2116
2128
2143
2159
2171
2192
2202
2225
1976
1980
1995
1999
2001
2004
2006
2009
2011
2016
2018
2022
2024
2050
2061
2097
2116
2127
2143
2159
2171
2192
2202
2225
2214
1990
2035
2047
2049
2114
2119
2126
2156
2158
2173
2175
2193
2197
2228
2236
2248
1991
1998
1999
2000
2001
2004
2006
2009
2012
2013
2018
2022
2024
2099
2157
2159
2171
2192
2036
2211
2214
2256
1990
2047
2049
2173
2248
1983
1984
1985
1986
1989
1993
1997
2005
2020
2021
2030
2037
2040
2043
2045
2046
2055
2058
2059
2060
2063
2064
2069
2073
2074
2078
2084
2086
2088
2090
2093
2095
2098
2104
2112
2115
2118
2121
2122
2123
2124
2131
2136
2139
2140
2142
2150
2164
2165
2179
2184
2188
2190
2200
2201
2206
2210
2212
2213
2216
2218
2220
2229
2233
2240
2253
2257
2258
1991
1995
1998
1999
2001
2006
2009
2011
2012
2014
2018
2022
2024
2025
2027
2050
2061
2097
2116
2143
2159
2171
2202
2003
2007
2026
2029
2053
2054
2062
2071
2072
2075
2081
2101
2110
2111
2132
2161
2199
2221
2222
2235
2243
1988
2085
2092
2134
2142
2222
2235
1984
1985
1986
1989
1993
2005
2020
2030
2033
2037
2040
2043
2044
2045
2046
2055
2058
2059
2063
2064
2069
2073
2074
2077
2078
2083
2084
2086
2088
2090
2092
2093
2095
2103
2104
2108
2109
2112
2118
2121
2122
2123
2124
2131
2139
2140
2142
2147
2150
2154
2172
2179
2184
2188
2189
2190
2200
2201
2206
2210
2212
2213
2218
2220
2229
2233
2237
2240
2244
2253
2257
1985
1986
1989
1993
1997
2020
2021
2030
2033
2037
2040
2043
2045
2046
2055
2059
2060
2063
2064
2069
2073
2074
2078
2083
2086
2088
2090
2093
2095
2098
2103
2104
2108
2109
2112
2115
2118
2121
2123
2124
2131
2139
2140
2142
2150
2165
2172
2184
2188
2190
2200
2201
2206
2212
2213
2218
2220
2229
2233
2237
2240
2244
2253
2257
1986
1989
1993
1994
1997
2005
2007
2020
2021
2030
2033
2037
2040
2043
2045
2046
2047
2053
2056
2058
2059
2060
2062
2063
2064
2065
2069
2073
2074
2077
2078
2081
2083
2084
2086
2087
2088
2090
2093
2095
2103
2104
2108
2109
2112
2115
2118
2121
2122
2123
2124
2131
2137
2139
2140
2142
2143
2147
2150
2154
2165
2172
2179
2184
2188
2189
2190
2200
2201
2206
2208
2210
2212
2213
2215
2216
2218
2220
2229
2233
2237
2240
2244
2253
1989
1993
2030
2033
2037
2043
2045
2046
2055
2056
2059
2060
2064
2069
2074
2077
2078
2083
2084
2086
2088
2090
2093
2095
2103
2104
2108
2109
2112
2115
2118
2121
2122
2123
2124
2131
2136
2139
2140
2142
2150
2154
2164
2165
2184
2188
2200
2201
2206
2210
2213
2216
2218
2220
2229
2233
2244
2253
2257
2038
2039
2042
2047
2057
2087
2111
2133
2134
2138
2169
2174
2191
2194
2199
2215
2223
2232
2254
1992
2076
2170
2207
2259
1993
2005
2030
2033
2037
2040
2045
2055
2059
2077
2078
2083
2084
2088
2104
2112
2115
2122
2123
2142
2188
2190
2200
2201
2216
2218
2220
2229
2233
2244
2253
2257
2047
2049
2152
2173
2248
1995
1998
2001
2004
2006
2011
2018
2022
2024
2027
2061
2097
2116
2157
2159
2171
2225
2170
2207
2255
1997
2005
2020
2021
2030
2033
2037
2040
2043
2045
2046
2056
2059
2060
2064
2069
2073
2074
2077
2078
2084
2086
2088
2090
2093
2095
2098
2103
2104
2108
2109
2112
2115
2118
2121
2122
2123
2124
2131
2139
2140
2142
2150
2154
2164
2165
2172
2179
2184
2188
2190
2200
2201
2206
2210
2212
2213
2218
2220
2229
2233
2237
2240
2244
2253
2257
2258
2007
2028
2039
2042
2047
2062
2071
2081
2087
2102
2111
2117
2135
2138
2143
2148
2153
2183
2187
2191
2194
2196
2199
1998
1999
2000
2001
2004
2006
2009
2011
2012
2016
2018
2024
2025
2027
2050
2061
2116
2157
2159
2171
2225
2017
2005
2030
2033
2037
2043
2045
2056
2059
2063
2064
2073
2074
2078
2084
2086
2088
2090
2093
2095
2103
2108
2109
2112
2118
2122
2123
2124
2131
2136
2139
2140
2150
2154
2172
2184
2188
2190
2200
2201
2206
2218
2229
2233
2237
2240
2244
2253
2257
2000
2001
2004
2006
2009
2011
2016
2018
2022
2027
2050
2097
2116
2157
2159
2171
2225
2004
2006
2009
2012
2018
2027
2116
2143
2171
2001
2011
2018
2022
2024
2050
2097
2157
2171
2192
2202
2004
2006
2009
2011
2012
2018
2022
2024
2025
2027
2061
2116
2143
2157
2159
2171
2192
2225
2007
2010
2026
2029
2052
2054
2062
2068
2081
2087
2111
2127
2128
2132
2137
2142
2143
2149
2151
2153
2169
2183
2187
2194
2196
2198
2199
2203
2226
2239
2241
2246
2247
2250
2054
2062
2072
2075
2081
2101
2110
2111
2132
2161
2199
2221
2222
2235
2243
2009
2016
2018
2022
2024
2027
2116
2157
2171
2192
2202
2020
2030
2037
2043
2045
2046
2055
2059
2060
2063
2064
2069
2073
2074
2077
2078
2083
2086
2088
2090
2093
2095
2098
2104
2108
2112
2118
2122
2123
2124
2131
2139
2142
2150
2164
2172
2184
2188
2190
2200
2201
2206
2210
2213
2216
2218
2220
2229
2233
2237
2240
2244
2253
2258
2011
2014
2018
2022
2024
2027
2061
2097
2116
2159
2171
2192
2202
2225
2010
2019
2026
2031
2032
2038
2039
2047
2052
2053
2054
2058
2063
2067
2071
2072
2081
2086
2087
2092
2102
2111
2117
2125
2127
2133
2134
2135
2137
2138
2144
2147
2148
2149
2151
2153
2161
2169
2174
2176
2180
2183
2187
2189
2191
2196
2198
2199
2203
2211
2218
2223
2224
2232
2234
2239
2240
2241
2247
2249
2254
2259
2114
2126
2152
2232
2011
2013
2018
2024
2027
2116
2143
2157
2159
2028
2032
2039
2047
2052
2054
2068
2071
2081
2087
2102
2111
2125
2133
2143
2149
2151
2153
2155
2169
2174
2176
2183
2187
2194
2196
2199
2203
2224
2241
2246
2247
2250
2254
2022
2025
2061
2097
2116
2157
2171
2192
2225
2018
2116
2157
2171
2018
2061
2225
2152
2156
2018
2022
2024
2116
2225
2041
2022
2024
2027
2050
2116
2157
2159
2171
2192
2037
2058
2067
2092
2234
2030
2037
2040
2045
2046
2056
2058
2059
2064
2069
2073
2078
2083
2084
2088
2090
2093
2098
2103
2104
2108
2109
2112
2115
2118
2121
2123
2124
2131
2140
2142
2150
2154
2165
2172
2184
2188
2190
2200
2201
2206
2210
2212
2213
2218
2220
2229
2233
2237
2240
2244
2253
2257
2030
2103
2172
2179
2233
2244
2024
2050
2097
2116
2157
2171
2192
2202
2225
2035
2047
2089
2091
2129
2193
2197
2231
2236
2027
2097
2157
2159
2171
2192
2202
2061
2097
2159
2171
2202
2225
2054
2068
2072
2081
2087
2102
2125
2127
2128
2133
2134
2138
2150
2153
2161
2176
2180
2183
2187
2191
2196
2224
2233
2239
2247
2250
2116
2157
2159
2171
2202
2032
2039
2042
2047
2052
2053
2054
2068
2071
2081
2087
2102
2111
2117
2125
2128
2133
2134
2135
2138
2143
2148
2149
2153
2163
2174
2176
2180
2183
2187
2191
2194
2196
2199
2223
2224
2241
2247
2250
2062
2081
2117
2182
2199
2242
2033
2037
2040
2043
2046
2059
2064
2069
2073
2074
2077
2078
2083
2084
2088
2090
2093
2095
2098
2103
2104
2108
2109
2112
2115
2118
2121
2122
2123
2124
2131
2136
2139
2140
2142
2150
2154
2164
2165
2172
2184
2188
2190
2200
2201
2206
2212
2213
2218
2220
2229
2233
2237
2240
2244
2253
2257
2036
2038
2047
2066
2117
2127
2133
2138
2141
2145
2149
2174
2176
2185
2205
2209
2211
2214
2232
2242
2254
2038
2039
2042
2047
2054
2068
2071
2072
2081
2087
2096
2102
2111
2125
2127
2133
2134
2138
2143
2144
2148
2149
2151
2153
2161
2169
2174
2176
2180
2183
2187
2189
2191
2194
2196
2199
2203
2223
2224
2232
2241
2246
2247
2254
2259
2037
2043
2045
2055
2056
2059
2060
2063
2064
2069
2073
2074
2077
2078
2083
2086
2088
2090
2093
2095
2098
2103
2104
2108
2109
2112
2115
2118
2121
2123
2131
2139
2140
2142
2150
2154
2164
2165
2172
2184
2188
2190
2200
2201
2206
2210
2212
2213
2218
2220
2229
2233
2237
2240
2244
2253
2257
2041
2120
2156
2204
2049
2082
2089
2091
2107
2126
2129
2197
2228
2231
2236
2047
2133
2211
2214
2040
2043
2044
2045
2046
2055
2056
2060
2064
2067
2069
2073
2074
2077
2078
2083
2084
2086
2088
2090
2092
2095
2098
2103
2104
2108
2109
2112
2115
2118
2121
2122
2123
2131
2136
2139
2140
2142
2154
2164
2165
2172
2179
2184
2188
2190
2200
2201
2206
2210
2216
2218
2220
2229
2233
2234
2240
2244
2257
2258
2039
2047
2052
2053
2054
2068
2072
2087
2102
2111
2125
2127
2133
2134
2135
2138
2141
2144
2145
2149
2169
2174
2176
2180
2183
2185
2186
2187
2189
2198
2199
2203
2209
2211
2215
2223
2224
2226
2232
2239
2241
2242
2250
2254
2259
2047
2052
2053
2054
2057
2068
2071
2072
2081
2087
2102
2111
2117
2127
2134
2135
2138
2144
2148
2149
2151
2153
2169
2176
2180
2183
2187
2189
2191
2194
2196
2199
2203
2215
2223
2224
2232
2241
2250
2254
2045
2046
2055
2056
2059
2064
2065
2069
2073
2074
2078
2088
2090
2093
2098
2103
2104
2108
2109
2112
2115
2118
2121
2123
2124
2131
2139
2142
2147
2150
2164
2165
2172
2184
2200
2201
2206
2208
2210
2212
2213
2218
2220
2229
2233
2237
2240
2244
2253
2258
2047
2052
2054
2057
2068
2081
2087
2102
2111
2117
2125
2128
2133
2135
2137
2138
2143
2148
2149
2151
2153
2169
2180
2183
2187
2191
2194
2196
2199
2203
2215
2223
2224
2250
2254
2046
2058
2059
2063
2064
2069
2073
2074
2077
2078
2086
2088
2090
2093
2095
2098
2103
2104
2109
2112
2118
2121
2122
2123
2124
2131
2136
2139
2140
2142
2147
2150
2154
2164
2165
2172
2184
2188
2190
2201
2206
2216
2218
2220
2229
2233
2237
2240
2244
2253
2058
2084
2142
2046
2055
2056
2059
2060
2063
2064
2069
2073
2074
2077
2078
2083
2084
2086
2088
2090
2093
2095
2098
2103
2104
2108
2109
2112
2115
2118
2121
2122
2123
2124
2131
2136
2139
2140
2142
2150
2154
2184
2188
2190
2200
2201
2206
2210
2216
2218
2220
2229
2233
2240
2244
2253
2059
2060
2064
2073
2074
2078
2083
2084
2088
2090
2093
2095
2098
2104
2108
2109
2118
2123
2124
2131
2140
2142
2150
2172
2184
2188
2190
2200
2206
2210
2212
2218
2220
2229
2233
2240
2244
2049
2052
2053
2057
2065
2066
2068
2071
2072
2080
2081
2085
2087
2102
2107
2111
2125
2126
2127
2128
2133
2134
2135
2137
2138
2141
2144
2145
2148
2149
2153
2169
2173
2174
2175
2176
2180
2183
2185
2186
2187
2189
2191
2193
2194
2196
2199
2203
2205
2208
2209
2211
2214
2215
2223
2224
2226
2231
2232
2239
2241
2242
2246
2247
2248
2250
2254
2259
2085
2128
2132
2150
2155
2211
2226
2233
2082
2089
2158
2173
2231
2248
2157
2171
2113
2126
2053
2054
2068
2071
2072
2081
2087
2099
2102
2111
2117
2125
2128
2132
2133
2138
2143
2148
2149
2151
2153
2169
2174
2176
2183
2187
2194
2196
2199
2203
2224
2241
2246
2247
2250
2054
2057
2068
2071
2072
2075
2081
2087
2101
2111
2117
2125
2132
2134
2135
2138
2153
2161
2180
2183
2187
2191
2194
2196
2199
2203
2215
2223
2224
2226
2235
2239
2243
2247
2254
2062
2068
2071
2072
2075
2081
2087
2096
2101
2102
2110
2111
2117
2125
2127
2128
2132
2133
2134
2135
2138
2143
2144
2148
2149
2151
2153
2161
2163
2169
2174
2176
2180
2183
2187
2189
2191
2194
2196
2199
2203
2221
2222
2223
2224
2235
2241
2243
2246
2247
2249
2250
2056
2059
2060
2077
2078
2083
2115
2142
2150
2188
2200
2201
2206
2216
2218
2229
2240
2257
2059
2064
2067
2074
2078
2084
2086
2090
2092
2095
2098
2103
2118
2124
2140
2142
2147
2150
2184
2188
2189
2200
2206
2212
2216
2218
2220
2229
2233
2234
2257
2065
2068
2081
2087
2102
2111
2134
2138
2149
2199
2208
2210
2215
2223
2254
2063
2064
2073
2078
2086
2088
2092
2093
2104
2118
2121
2123
2131
2139
2142
2150
2154
2172
2206
2216
2218
2229
2233
2234
2237
2244
2060
2063
2064
2069
2073
2074
2077
2078
2083
2084
2086
2088
2090
2093
2095
2098
2103
2104
2108
2109
2112
2115
2118
2121
2122
2123
2124
2131
2139
2140
2142
2150
2154
2165
2172
2179
2184
2188
2190
2200
2201
2206
2212
2216
2218
2220
2229
2233
2237
2240
2244
2253
2257
2064
2069
2073
2075
2077
2078
2083
2084
2088
2093
2095
2104
2108
2112
2115
2121
2122
2139
2142
2154
2163
2188
2200
2201
2206
2218
2229
2233
2240
2242
2244
2097
2116
2143
2159
2171
2202
2225
2069
2072
2075
2081
2096
2101
2110
2111
2121
2125
2132
2137
2161
2183
2221
2222
2224
2229
2235
2242
2243
2064
2069
2073
2074
2078
2086
2088
2090
2093
2098
2103
2104
2108
2118
2122
2123
2124
2131
2136
2139
2142
2150
2154
2172
2179
2184
2188
2190
2200
2201
2206
2213
2216
2218
2220
2229
2233
2237
2240
2244
2069
2073
2074
2077
2078
2083
2086
2088
2090
2093
2095
2103
2104
2108
2109
2112
2115
2118
2121
2122
2123
2124
2131
2136
2139
2140
2142
2147
2150
2154
2172
2179
2184
2188
2190
2200
2201
2206
2210
2212
2213
2216
2218
2220
2229
2233
2237
2240
2244
2253
2257
2081
2087
2154
2183
2208
2215
2133
2211
2084
2092
2147
2154
2189
2200
2234
2071
2072
2081
2087
2101
2102
2111
2117
2125
2127
2128
2132
2133
2134
2135
2138
2143
2144
2149
2151
2153
2161
2169
2174
2176
2180
2183
2187
2189
2191
2194
2196
2198
2199
2203
2215
2223
2224
2232
2241
2247
2249
2254
2259
2073
2074
2077
2078
2083
2084
2088
2090
2093
2098
2103
2104
2108
2109
2115
2118
2121
2122
2123
2124
2131
2139
2140
2142
2150
2154
2172
2184
2188
2189
2190
2201
2206
2210
2212
2218
2220
2229
2233
2240
2244
2253
2258
2091
2126
2129
2156
2236
2072
2081
2087
2102
2111
2117
2125
2127
2133
2134
2135
2137
2138
2143
2144
2148
2149
2151
2153
2174
2176
2180
2183
2187
2189
2191
2194
2196
2199
2223
2224
2241
2246
2247
2250
2254
2075
2081
2096
2101
2110
2111
2117
2125
2127
2132
2133
2135
2137
2138
2144
2153
2161
2169
2174
2180
2183
2187
2189
2198
2199
2203
2222
2223
2224
2232
2235
2241
2243
2247
2254
2074
2077
2078
2083
2084
2086
2088
2090
2093
2095
2098
2103
2104
2108
2109
2112
2118
2121
2122
2123
2124
2131
2139
2140
2142
2150
2154
2165
2172
2179
2184
2188
2190
2200
2201
2206
2210
2212
2213
2216
2218
2220
2229
2233
2237
2240
2244
2253
2257
2077
2078
2083
2086
2088
2090
2095
2098
2103
2104
2108
2109
2112
2115
2118
2122
2123
2124
2131
2136
2139
2140
2142
2150
2154
2172
2179
2184
2188
2190
2200
2201
2206
2213
2216
2218
2220
2229
2233
2237
2240
2244
2257
2081
2110
2111
2128
2132
2161
2199
2221
2222
2235
2243
2170
2207
2255
2078
2090
2093
2095
2103
2104
2108
2118
2121
2122
2123
2124
2131
2136
2139
2142
2150
2184
2190
2200
2201
2206
2216
2218
2220
2229
2233
2240
2244
2253
2083
2084
2086
2088
2090
2093
2095
2098
2103
2104
2108
2109
2115
2118
2121
2122
2123
2124
2131
2136
2137
2139
2140
2142
2147
2150
2154
2164
2165
2172
2179
2184
2188
2190
2200
2201
2206
2210
2212
2213
2216
2218
2220
2229
2233
2237
2240
2244
2253
2257
2145
2193
2236
2087
2101
2102
2110
2111
2117
2125
2127
2128
2132
2133
2134
2135
2137
2138
2144
2148
2149
2153
2161
2174
2176
2177
2180
2183
2187
2189
2191
2194
2196
2199
2215
2223
2224
2235
2241
2243
2246
2247
2250
2252
2254
2089
2120
2152
2228
2084
2088
2090
2093
2095
2103
2104
2108
2112
2115
2118
2122
2123
2124
2131
2142
2147
2150
2164
2165
2172
2184
2188
2190
2200
2201
2206
2212
2218
2220
2229
2233
2240
2244
2257
2088
2090
2098
2103
2104
2108
2109
2112
2118
2123
2131
2139
2140
2142
2164
2165
2172
2184
2188
2201
2206
2216
2218
2220
2229
2233
2240
2091
2107
2145
2152
2186
2197
2211
2226
2232
2235
2088
2090
2093
2103
2104
2112
2118
2123
2131
2139
2140
2142
2154
2172
2179
2184
2188
2190
2200
2201
2206
2212
2216
2218
2220
2229
2233
2240
2244
2253
2257
2102
2111
2117
2125
2127
2128
2133
2134
2135
2138
2143
2144
2148
2149
2151
2153
2163
2169
2174
2176
2180
2183
2187
2189
2191
2194
2196
2198
2199
2203
2208
2215
2223
2224
2241
2246
2247
2249
2250
2254
2259
2090
2093
2095
2098
2103
2104
2108
2109
2112
2115
2118
2121
2122
2123
2124
2131
2136
2139
2140
2142
2150
2154
2164
2165
2172
2184
2188
2190
2200
2201
2206
2212
2213
2216
2218
2220
2229
2233
2237
2240
2244
2253
2257
2107
2126
2228
2231
2236
2093
2095
2103
2104
2108
2112
2115
2118
2121
2122
2123
2124
2131
2139
2140
2142
2150
2154
2165
2172
2179
2184
2188
2190
2200
2201
2206
2212
2213
2216
2218
2220
2229
2233
2237
2240
2244
2253
2257
2099
2105
2126
2129
2130
2146
2156
2160
2162
2173
2197
2231
2236
2140
2147
2172
2189
2200
2206
2234
2095
2103
2104
2108
2112
2115
2118
2121
2122
2123
2131
2139
2142
2150
2154
2164
2172
2184
2188
2190
2200
2201
2206
2216
2218
2220
2229
2233
2240
2244
2253
2257
2167
2245
2103
2104
2112
2115
2118
2121
2131
2139
2140
2142
2150
2154
2165
2172
2188
2190
2200
2206
2210
2212
2213
2218
2220
2233
2237
2244
2253
2257
2258
2132
2222
2243
2171
2192
2225
2104
2109
2115
2118
2122
2123
2131
2140
2142
2150
2164
2172
2184
2188
2190
2201
2206
2210
2213
2218
2220
2229
2233
2244
2257
2126
2197
2199
2230
2247
2113
2217
2110
2111
2117
2132
2134
2161
2183
2199
2221
2222
2223
2235
2243
2111
2116
2117
2125
2127
2132
2133
2134
2138
2143
2148
2149
2151
2153
2169
2174
2176
2180
2183
2187
2189
2194
2196
2198
2199
2203
2215
2223
2224
2239
2241
2246
2250
2254
2259
2104
2108
2109
2112
2115
2118
2121
2122
2123
2124
2131
2136
2139
2140
2142
2150
2154
2172
2179
2184
2188
2190
2200
2201
2206
2210
2212
2216
2218
2220
2229
2233
2237
2240
2244
2253
2258
2108
2112
2118
2121
2122
2123
2124
2131
2136
2139
2140
2142
2150
2154
2165
2172
2179
2184
2188
2190
2200
2201
2206
2210
2212
2216
2218
2220
2229
2233
2237
2240
2244
2253
2257
2120
2126
2236
2238
2168
2117
2120
2126
2145
2146
2152
2160
2166
2227
2228
2236
2109
2118
2121
2122
2123
2124
2131
2136
2139
2140
2142
2150
2154
2164
2172
2184
2188
2190
2200
2201
2206
2212
2218
2220
2229
2233
2240
2244
2253
2112
2115
2121
2123
2124
2131
2139
2140
2142
2164
2165
2172
2184
2201
2206
2220
2229
2233
2240
2244
2111
2132
2142
2161
2199
2221
2222
2226
2235
2117
2125
2127
2128
2132
2133
2134
2135
2138
2144
2148
2149
2151
2153
2161
2163
2169
2174
2176
2180
2183
2187
2189
2191
2194
2196
2198
2199
2203
2215
2221
2222
2223
2224
2232
2235
2241
2243
2246
2247
2249
2250
2254
2259
2115
2121
2123
2131
2139
2140
2142
2150
2154
2172
2179
2184
2188
2190
2200
2206
2216
2218
2220
2229
2233
2240
2244
2257
2258
2217
2119
2156
2160
2176
2228
2231
2122
2123
2124
2131
2140
2142
2150
2154
2172
2188
2190
2200
2201
2206
2216
2218
2220
2229
2233
2237
2240
2244
2257
2128
2145
2157
2159
2171
2202
2203
2225
2233
2126
2128
2134
2135
2137
2138
2144
2145
2148
2149
2153
2169
2174
2183
2187
2191
2194
2196
2198
2199
2203
2205
2209
2211
2215
2224
2226
2232
2241
2242
2246
2247
2250
2254
2121
2122
2123
2124
2131
2136
2139
2140
2142
2150
2154
2165
2172
2179
2184
2188
2190
2200
2201
2206
2212
2216
2218
2220
2229
2233
2237
2240
2244
2253
2257
2129
2126
2129
2156
2160
2181
2122
2123
2124
2131
2139
2140
2142
2150
2172
2184
2188
2190
2201
2206
2212
2218
2220
2229
2233
2237
2240
2244
2253
2257
2123
2124
2131
2136
2139
2142
2150
2154
2165
2172
2179
2184
2188
2190
2200
2201
2206
2216
2218
2220
2229
2233
2240
2244
2253
2257
2124
2131
2136
2139
2140
2142
2150
2154
2165
2172
2179
2184
2188
2190
2200
2201
2206
2210
2212
2213
2216
2218
2220
2229
2233
2237
2240
2244
2253
2257
2131
2136
2139
2140
2142
2150
2154
2165
2172
2179
2184
2188
2190
2201
2206
2212
2213
2216
2218
2220
2229
2233
2240
2244
2253
2133
2138
2143
2148
2149
2151
2153
2161
2163
2169
2174
2176
2183
2187
2196
2198
2203
2223
2224
2232
2241
2243
2246
2247
2250
2129
2146
2152
2160
2162
2173
2181
2197
2231
2236
2133
2134
2138
2144
2148
2149
2151
2153
2174
2176
2183
2187
2189
2196
2199
2203
2223
2224
2241
2246
2250
2254
2132
2135
2138
2143
2148
2151
2153
2163
2183
2187
2203
2233
2246
2250
2146
2181
2231
2236
2156
2160
2197
2139
2140
2142
2150
2154
2165
2172
2179
2184
2188
2190
2200
2201
2206
2210
2216
2218
2220
2229
2233
2237
2240
2244
2253
2257
2149
2161
2169
2183
2185
2187
2198
2199
2221
2222
2235
2241
2243
2246
2247
2135
2138
2141
2143
2144
2145
2149
2151
2153
2155
2169
2174
2175
2176
2180
2185
2187
2189
2194
2196
2198
2199
2203
2209
2210
2211
2214
2223
2224
2231
2232
2239
2241
2242
2246
2247
2250
2254
2256
2138
2148
2149
2153
2169
2180
2187
2191
2194
2196
2199
2215
2223
2241
2254
2137
2138
2143
2153
2174
2180
2183
2187
2191
2194
2196
2199
2203
2224
2239
2241
2247
2164
2172
2184
2200
2201
2206
2216
2220
2229
2233
2244
2143
2148
2153
2183
2144
2148
2149
2151
2153
2169
2174
2176
2180
2183
2187
2189
2191
2194
2196
2198
2199
2203
2215
2223
2224
2232
2239
2241
2250
2254
2259
2140
2142
2150
2154
2165
2172
2184
2188
2190
2200
2201
2206
2210
2212
2216
2218
2220
2229
2233
2237
2240
2244
2253
2257
2142
2150
2154
2164
2165
2172
2184
2188
2190
2200
2201
2206
2210
2212
2213
2216
2218
2220
2229
2233
2240
2244
2253
2257
2176
2205
2209
2211
2242
2150
2154
2164
2165
2172
2179
2184
2188
2189
2190
2201
2206
2212
2213
2216
2218
2220
2226
2229
2233
2240
2244
2253
2257
2258
2149
2151
2153
2159
2169
2174
2176
2180
2187
2198
2199
2203
2224
2239
2241
2250
2148
2153
2174
2183
2187
2189
2191
2194
2196
2199
2223
2224
2241
2254
2146
2176
2186
2211
2232
2235
2236
2152
2160
2162
2173
2181
2193
2188
2189
2218
2153
2174
2180
2183
2187
2191
2194
2196
2199
2224
2241
2247
2151
2153
2155
2169
2174
2176
2183
2185
2187
2189
2194
2196
2198
2199
2203
2215
2223
2224
2226
2241
2246
2247
2250
2254
2154
2165
2172
2179
2184
2188
2190
2200
2201
2206
2212
2216
2218
2220
2229
2233
2237
2240
2244
2253
2257
2258
2153
2169
2174
2176
2180
2187
2189
2199
2203
2223
2224
2241
2246
2247
2250
2231
2236
2248
2169
2174
2176
2180
2183
2187
2191
2194
2196
2199
2203
2215
2223
2224
2233
2241
2246
2247
2250
2254
2165
2172
2179
2184
2188
2190
2200
2201
2206
2212
2213
2216
2218
2220
2229
2233
2237
2240
2244
2253
2257
2176
2209
2221
2226
2235
2246
2247
2160
2162
2173
2197
2231
2251
2171
2192
2202
2225
2228
2231
2171
2192
2202
2225
2238
2251
2194
2199
2221
2222
2232
2235
2243
2259
2173
2238
2183
2198
2223
2224
2242
2165
2172
2188
2200
2201
2206
2220
2229
2233
2253
2257
2172
2188
2190
2201
2206
2212
2213
2218
2220
2229
2233
2240
2244
2257
2174
2176
2180
2183
2187
2189
2194
2196
2198
2199
2203
2224
2246
2247
2249
2250
2207
2255
2192
2202
2225
2179
2184
2188
2190
2200
2201
2206
2210
2212
2216
2218
2220
2229
2233
2237
2240
2244
2257
2258
2248
2251
2176
2180
2183
2187
2189
2194
2199
2203
2209
2211
2223
2224
2239
2241
2242
2246
2247
2249
2250
2254
2176
2180
2185
2187
2194
2196
2199
2203
2209
2211
2224
2235
2241
2242
2246
2247
2250
2254
2252
2184
2188
2200
2206
2212
2216
2218
2220
2229
2233
2240
2244
2257
2183
2187
2189
2191
2194
2199
2203
2215
2224
2241
2246
2247
2250
2254
2242
2187
2191
2194
2196
2199
2215
2223
2224
2241
2246
2247
2188
2189
2190
2200
2201
2206
2210
2212
2216
2218
2220
2229
2233
2237
2240
2244
2253
2257
2198
2246
2211
2232
2189
2191
2194
2196
2198
2199
2203
2223
2224
2239
2241
2246
2247
2250
2254
2190
2200
2201
2206
2210
2212
2213
2216
2218
2220
2229
2233
2240
2244
2253
2257
2258
2196
2203
2223
2224
2232
2234
2241
2250
2254
2201
2206
2218
2220
2229
2233
2237
2240
2244
2257
2194
2196
2199
2223
2224
2233
2241
2250
2202
2225
2196
2199
2224
2232
2239
2241
2247
2259
2199
2215
2224
2241
2246
2247
2236
2224
2241
2246
2247
2250
2254
2203
2215
2223
2224
2228
2235
2241
2243
2246
2247
2250
2252
2254
2259
2201
2206
2210
2212
2213
2216
2218
2220
2229
2233
2237
2240
2244
2253
2257
2206
2210
2212
2213
2216
2218
2220
2229
2233
2237
2240
2244
2253
2257
2225
2223
2224
2239
2241
2246
2250
2209
2211
2232
2210
2212
2213
2216
2218
2220
2229
2233
2237
2240
2244
2253
2257
2255
2259
2215
2229
2211
2226
2232
2242
2215
2216
2218
2220
2229
2233
2240
2244
2253
2214
2232
2254
2213
2218
2220
2229
2233
2237
2240
2244
2218
2220
2229
2233
2237
2244
2257
2219
2228
2256
2223
2239
2254
2259
2218
2220
2229
2233
2240
2244
2253
2220
2229
2233
2237
2240
2244
2253
2229
2233
2240
2244
2253
2222
2226
2235
2243
2226
2235
2243
2247
2224
2232
2243
2250
2254
2259
2241
2246
2250
2254
2246
2233
2237
2240
2244
2253
2257
2236
2241
2259
2237
2240
2244
2253
2257
2258
2243
2254
2240
2244
2253
2257
2251
2242
2247
2244
2253
2257
2258
2246
2247
2250
2254
2253
2257
2247
2254
2250
2257
2258
