0
0
0
0
0
0
0
0
0
0
0
0
0
0
0
0
0
0
0
0
0
0
0
0
0
0
0
0
0
0
0
0
0
0
0
0
0
0
0
0
0
0
0
0
0
0
0
0
0
0
0
0
0
0
0
0
0
0
0
1
1
1
1
1
1
1
1
1
1
1
1
1
1
1
1
1
1
1
1
1
1
1
1
1
1
1
1
1
1
1
1
1
1
1
1
1
1
1
1
1
1
1
1
1
1
1
1
1
232
232
232
232
232
232
232
232
232
232
232
232
232
232
232
232
232
232
232
232
232
232
232
232
232
232
232
232
232
233
233
233
233
233
233
233
233
233
233
233
233
233
233
233
233
233
233
233
233
233
233
233
233
233
233
233
233
233
233
233
233
233
233
233
234
234
234
234
234
234
234
234
234
234
234
234
234
234
234
234
234
234
234
234
234
234
234
234
234
234
234
234
234
234
234
234
234
234
234
234
234
234
234
234
234
234
234
234
234
234
234
234
234
234
234
234
234
234
234
234
234
234
234
234
234
234
234
234
234
234
234
234
234
234
234
234
234
234
234
234
234
234
234
234
234
234
234
234
234
234
234
234
234
234
234
234
234
234
234
234
234
234
234
234
234
234
234
234
234
234
234
234
234
234
234
234
234
234
234
234
234
234
234
234
234
234
234
234
234
234
234
234
234
234
234
234
234
234
234
234
234
234
234
234
234
234
234
234
234
234
234
234
234
234
234
234
234
234
234
234
234
234
234
234
234
234
234
234
234
234
234
234
234
234
234
234
234
234
234
234
234
234
234
234
234
234
246
246
246
246
246
246
246
246
246
246
257
257
257
268
268
268
268
268
268
268
268
268
268
271
271
271
271
271
271
271
271
271
271
271
271
271
276
276
276
276
276
276
276
276
276
276
276
276
276
276
276
276
276
276
276
276
276
276
276
276
276
276
276
276
276
276
276
278
278
278
278
278
278
278
278
282
282
282
282
282
282
282
282
282
282
282
282
282
282
282
282
282
282
282
282
282
282
282
282
282
282
282
282
282
282
282
282
282
282
282
282
282
282
282
282
282
282
282
282
282
282
282
286
286
286
286
286
286
286
286
326
337
337
337
337
337
337
337
337
337
337
337
337
337
337
337
337
337
337
337
337
337
337
337
337
337
337
337
337
337
337
337
337
337
343
343
343
343
343
343
343
343
343
358
358
358
358
358
358
358
358
358
358
358
358
365
365
365
365
365
365
365
365
365
365
365
365
365
365
365
365
365
365
365
365
365
365
365
365
365
370
370
370
374
374
374
374
374
374
374
374
374
374
374
374
374
374
386
386
386
386
386
386
386
386
386
386
386
386
386
386
386
386
391
391
391
391
391
393
393
393
393
393
409
409
409
409
409
409
409
409
409
409
409
409
409
409
409
409
409
409
409
409
409
409
409
410
410
410
410
410
410
410
410
429
429
429
429
439
439
439
439
439
439
439
439
440
440
450
450
450
450
450
450
450
450
450
450
450
450
450
450
450
450
450
450
450
450
450
450
450
450
450
450
450
450
450
450
450
450
450
450
450
450
450
450
450
450
450
450
450
450
450
450
450
450
450
450
450
450
450
450
450
450
450
450
450
450
450
450
450
450
450
450
450
450
450
450
450
450
450
450
450
450
450
450
450
450
450
450
450
450
450
450
450
450
450
450
450
450
450
450
450
450
450
450
450
450
450
450
450
450
450
450
450
450
450
450
450
450
450
450
450
450
450
450
450
450
450
450
450
450
450
450
450
450
450
450
450
450
450
450
450
450
450
450
450
450
450
450
450
450
450
450
450
450
450
450
450
450
450
450
450
450
450
450
450
450
450
450
450
450
450
450
450
450
450
450
450
450
450
450
450
450
450
450
450
450
450
450
450
450
450
450
450
450
450
450
450
450
450
450
450
450
450
450
450
450
450
450
450
450
450
450
450
450
450
451
451
451
451
451
451
451
451
451
451
451
451
451
451
451
451
451
451
451
451
451
451
451
451
451
451
451
451
451
451
451
451
451
451
451
451
474
485
493
493
497
503
508
515
515
517
542
546
552
553
556
556
559
573
576
586
626
653
653
662
664
694
702
703
709
764
771
795
798
799
811
817
835
843
872
875
882
885
891
893
894
911
924
924
935
936
983
1023
1031
1035
1036
1043
1070
1102
1117
1118
1118
1127
1132
1136
1161
1163
1168
1176
1183
1186
1217
1245
1256
1266
1270
1278
1280
1283
1285
1293
1300
1307
1338
1338
1379
1383
1396
1407
1416
1417
1418
1420
1425
1436
1442
1446
1454
1499
1503
1513
1513
1539
1540
1562
1567
1572
1572
1609
1650
1655
1693
1694
1696
1708
1719
1726
1731
1733
1750
1755
1755
1800
1810
1819
1831
1840
1841
1845
1864
1867
1892
1893
1912
1930
1931
1932
1947
1952
1952
1956
1962
1968
1968
1973
1987
1998
2001
2002
2005
2006
2006
2026
2057
2079
2081
2091
2103
2105
2125
2128
2148
2150
2151
2204
2211
2213
2219
2222
2227
2228
2240
2252
2268
2271
2287
2287
2292
2293
2304
2328
2374
2376
2421
2466
2479
2489
2495
2523
2527
2533
2588
2588
2591
2596
2600
2604
2618
2621
2622
2625
2625
2632
2637
2649
2659
2690
2699
2702
2724
2724
2731
2771
2781
2786
2807
2808
2832
2844
2852
2858
2867
2899
2906
2906
2915
2918
2929
2945
2978
3005
3063
3069
3096
3106
3124
3133
3168
3168
3172
3191
3200
3206
3206
3211
3213
3219
3227
3231
3235
3235
3279
3279
3290
3329
3332
3332
3336
3374
3375
3384
3413
3413
3423
3434
3459
3464
3469
3494
3503
3507
3520
3526
3527
3532
3539
3541
3572
3602
3608
3642
3642
3643
3646
3656
3666
3700
3721
3729
3783
3832
3834
3840
3843
3850
3856
3878
3897
3897
3897
3912
3921
3923
3954
4017
4017
4026
4026
4026
4050
4078
4078
4096
4096
4123
4133
4182
4187
4193
4223
4234
4241
4249
4249
4259
4260
4277
4311
4316
4316
4322
4328
4341
4343
4351
4382
4397
4403
4403
4407
4425
4435
4445
4483
4486
4488
4491
4521
4557
4561
4570
4581
4588
4591
4595
4645
4648
4648
4648
4648
4689
4722
4729
4739
4749
4757
4769
4769
4770
4772
4777
4780
4817
4818
4857
4858
4882
4905
4917
4924
4936
4937
4960
4970
4978
4998
5010
5024
5030
5043
5053
5056
5076
5098
5122
5150
5183
5192
5209
5214
5215
5221
5221
5232
5237
5243
5243
5277
5289
5296
5325
5330
5337
5341
5350
5355
5360
5384
5389
5396
5403
5412
5416
5426
5431
5446
5451
5462
5480
5489
5492
5492
5505
5510
5550
5584
5620
5630
5637
5666
5704
5714
5720
5734
5775
5799
5834
5837
5844
5881
5899
5899
5915
5922
5931
5936
5956
6025
6025
6027
6033
6037
6042
6060
6085
6095
6130
6130
6134
6138
6151
6163
6216
6217
6228
6256
6264
6265
6281
6288
6316
6375
6426
6432
6440
6462
6466
6474
6474
6477
6481
6481
6483
6506
6520
6576
6621
6627
6638
6638
6638
6650
6651
6657
6703
6707
6709
6733
6733
6740
6748
6757
6766
6771
6797
6802
6803
6808
6822
6823
6832
6867
6868
6872
6877
6917
6923
6926
6935
6940
6948
6960
6974
6980
6988
6989
7045
7054
7061
7064
7077
7082
7097
7100
7106
7113
7116
7116
7117
7125
7128
7139
7179
7186
7209
7215
7223
7232
7240
7254
7255
7291
7308
7316
7333
7341
7342
7356
7360
7365
7367
7367
7401
7407
7420
7436
7481
7501
7513
7513
7527
7529
7532
7537
7551
7579
7583
7591
7619
7622
7637
7637
7647
7679
7686
7689
7729
7729
7734
7740
7752
7760
7772
7773
7773
7778
7780
7793
7799
7812
7818
7819
7826
7834
7868
7871
7879
7886
7896
7905
7920
7971
7983
7986
7991
8028
8030
8073
8096
8110
8123
8128
8131
8159
8174
8208
8214
8227
8235
8243
8258
8274
8276
8300
8327
8345
8351
8368
8372
8374
8382
8382
8414
8421
8432
8437
8483
8485
8493
8538
8549
8554
8604
8604
8655
8655
8660
8660
8694
8698
8714
8721
8729
8735
8750
8781
8799
8814
8824
8837
8843
8855
8858
8864
8864
8887
8887
8898
8916
8971
8974
8974
8985
8992
9052
9074
9093
9095
9104
9105
9111
9120
9157
9190
9195
9235
9240
9242
9284
9324
9345
9352
9353
9380
9400
9445
9453
9507
9562
9579
9583
9594
9624
9629
9653
9681
9727
9770
9797
9803
9809
9819
9819
9827
9830
9839
9840
9861
9864
9869
9871
9878
9895
9902
9922
9923
9925
9928
9953
9972
9985
9988
9996
9999
10007
10011
10013
10032
10048
10050
10057
10063
10065
10069
10085
10089
10102
10129
10175
10175
10200
10204
10209
10233
10256
10259
10263
10268
10270
10273
10289
10293
10297
10301
10303
10308
10310
10312
10339
10341
10357
10362
10369
10390
10415
10415
10417
10421
10422
10426
10430
10433
10436
10438
10442
10444
10444
10451
10455
10461
10464
10469
10500
10500
10509
10512
10512
10527
10527
10558
10562
10564
10585
10589
10591
10594
10611
10618
10630
10637
10642
10642
10644
10645
10655
10682
10684
10691
10695
10702
10718
10736
10749
10750
10751
10754
10762
10769
10771
10774
10776
10797
10799
10800
10801
10813
10819
10827
10834
10836
10836
10837
10849
10850
10850
10850
10863
10863
10865
10865
10872
10874
10874
10887
10889
10890
10892
10895
10896
10897
10897
10898
10898
10898
10899
10901
10904
10908
10916
10918
10919
10923
10924
10924
10931
10931
10938
10938
10946
10948
10952
10957
10957
10958
10967
10977
10977
10977
10977
10983
10984
10985
10986
10986
10990
10994
10995
10997
10999
10999
10999
11001
11001
11002
11003
11005
11005
11005
11007
11007
11007
11007
11007
11007
11008
11008
11008
11008
11008
11008
11008
11008
11008
11008
11008
11008
11008
11008
11008
11008
11008
11008
11008
11008
11008
11008
11008
11008
11008
11008
11008
11008
11008
11008
11008
11008
11008
11008
11008
11008
11008
11008
11008
11008
11008
11008
11008
11008
11008
11008
11008
11008
11008
11008
11008
11008
11008
11008
11008
11008
11008
11008
11008
11008
11008
11008
11008
11008
11008
11008
11008
11008
11008
11008
11008
11008
11008
11008
11008
11008
11008
11008
11008
11008
11008
11008
11008
11008
11008
11008
11008
11008
11008
11008
11008
11008
11008
11008
11008
11008
11008
11008
11008
11008
11008
11008
11008
11008
11008
11008
11008
11008
11008
11008
11008
11008
11008
11008
11008
11008
11008
11008
11008
11008
11008
11008
11008
11008
11008
11008
11008
11008
11008
11008
11008
11008
11008
11008
11008
11008
11008
11008
11008
11008
11008
11008
11008
11008
11008
11008
11008
11008
11008
11008
11008
11008
11008
11008
11008
11008
11008
11008
11008
11008
11008
11008
11008
11008
11008
11008
11008
11008
11008
11008
11008
11008
11008
11008
11008
11008
11008
11008
11008
11008
11008
11008
11008
11008
11008
11008
11008
11008
11008
11008
11008
11008
11008
11008
11008
11008
11008
11008
11008
11008
11008
11008
11008
11008
11008
11008
11008
11008
11008
11008
11008
11008
11008
11008
11008
11008
11008
11008
11008
11008
11008
11008
11008
11008
11008
11008
11008
11008
11008
11008
11008
11008
11008
11008
11008
11008
11008
11008
11008
11008
11008
11008
11008
11008
11008
11008
11008
11008
11008
11008
11008
11008
11008
11008
11008
11008
11008
11008
11008
11008
11008
11008
11008
11008
11008
11008
11008
11008
11008
11008
11008
11008
11008
11008
11008
11008
11008
11008
11008
11008
11008
11008
11008
11008
11008
11008
11008
11008
11008
11008
11008
11008
11008
11008
11008
11008
11008
11008
11008
11008
11008
11008
11008
11008
11008
11008
11008
11008
11008
11008
11008
11008
11008
11008
11008
11008
11008
11008
11008
11008
11008
11008
11008
11008
11008
11008
11008
11008
11008
11008
11008
11008
11008
11008
11008
11008
11008
11008
11008
11008
11008
11008
11008
11008
11008
11008
11008
11008
11008
11008
11008
11008
11008
11008
11008
11008
11008
11008
11008
11008
11008
11008
11008
11008
11008
11008
11008
11008
11008
11008
11008
11008
11008
11008
11008
11008
11008
11008
11008
11008
11008
11008
11008
11008
11008
11008
11008
11008
11008
11008
11008
11008
11008
11008
11008
11008
11008
11008
11008
11008
11008
11008
11008
11008
11008
11008
11008
11008
11008
11008
11008
11008
11008
11008
11008
11008
11008
11008
11008
11008
11008
11008
11008
11008
11008
11008
11008
11008
11008
11008
11008
11008
11008
11008
11008
11008
11008
11008
11008
11008
11008
11008
11008
11008
11008
11008
11008
11008
11008
11008
11008
11008
11008
11008
11008
11008
11008
11008
11008
11008
11008
11008
11008
11008
11008
11008
11008
11008
11008
11008
11008
11008
11008
11008
11008
11008
11008
11008
11008
11008
11008
11008
11008
11008
11008
11008
11008
11008
11008
11008
11008
11008
11008
11008
11008
11008
11008
11008
11008
11008
11008
11008
11008
11008
11008
11008
11008
11008
11008
11008
11008
11008
11008
11008
11008
11008
11008
11008
11008
11008
11008
11008
11008
11008
11008
11008
11008
11008
11008
11008
11008
11008
11008
11008
11008
11008
11008
11008
11008
11008
11008
11008
11008
11008
11008
11008
11008
11008
11008
11008
11008
11008
11008
11008
11008
11008
11008
11008
11008
11008
11008
11008
11008
11008
11008
11008
11008
11008
11008
11008
11008
11008
11008
11008
11008
11008
11008
11008
11008
11008
11008
11008
11008
11008
11008
11008
11008
11008
11008
11008
11008
11008
11008
11008
11008
11008
11008
11008
11008
11008
11008
11008
11008
11008
11008
11008
11008
11008
11008
11008
11008
11008
11008
11008
11008
11008
11008
11008
11008
11008
11008
11008
11008
11008
11008
11008
11008
11008
11008
11008
11008
11008
11008
11008
11008
11008
11008
11008
11008
11008
11008
11008
11008
11008
11008
11008
11008
11008
11008
11008
11008
11008
11008
11008
11008
11008
11008
11008
11008
11008
11008
11008
11008
11008
11008
11008
11008
11008
11008
11008
11008
11008
11008
11008
11008
11008
11008
11008
11008
11008
11008
11008
11008
11008
11008
11008
11008
11008
11008
11008
11008
11008
11008
11008
11008
11008
11008
11008
11008
11008
11008
11008
11008
11008
11008
11008
11008
11008
11008
11008
11008
11008
11008
11008
11008
11008
11008
11008
11008
11008
11008
11008
11008
11008
11008
11008
11008
11008
11008
11008
11008
11008
11008
11008
11008
11008
11008
11008
11008
11008
11008
11008
11008
11008
11008
11008
11008
11008
11008
11008
11008
11008
11008
11008
11008
11008
11008
11008
11008
11008
11008
11008
11008
11008
11008
11008
11008
11008
11008
11008
11008
11008
11008
11008
11008
11008
11008
11008
11008
11008
11008
11008
11008
11008
11008
11008
11008
11008
11008
11008
11008
11008
11008
11008
11008
11008
11008
11008
11008
11008
11008
11008
11008
11008
11008
11008
11008
11008
11008
11008
11008
11008
11008
11008
11008
11008
11008
11008
11008
11008
11008
11008
11008
11008
11008
11008
11008
11008
11008
11008
11008
11008
11008
11008
11008
11008
11008
11008
11008
11008
11008
11008
11008
11008
11008
11008
11008
11008
11008
11008
11008
11008
11008
11008
11008
11008
11008
11008
11008
11008
11008
11008
11008
11008
11008
11008
11008
11008
11008
11008
11008
11008
11008
11008
11008
11008
11008
11008
11008
11008
11008
11008
11008
11008
11008
11008
11008
11008
11008
11008
11008
11008
11008
11008
11008
11008
11008
11008
11008
11008
11008
11008
11008
11008
11008
11008
11008
11008
11008
11008
11008
11008
11008
11008
11008
11008
11008
11008
11008
11008
11008
11008
11008
11008
11008
11008
11008
11008
11008
11008
11008
11008
11008
11008
11008
11008
11008
11008
11008
11008
11008
11008
11008
11008
11008
11008
11008
11008
11008
11008
11008
11008
11008
11008
11008
11008
11008
11008
11008
11008
11008
11008
11008
11008
11008
11008
11008
11008
11008
11008
11008
11008
11008
11008
11008
11008
11008
11008
11008
11008
11008
11008
11008
11008
11008
11008
11008
11008
11008
11008
11008
11008
11008
11008
11008
11008
11008
11008
11008
11008
11008
11008
11008
11008
11008
11008
11008
11008
11008
11008
11008
11008
11008
11008
11008
11008
11008
11008
11008
11008
11008
11008
11008
11008
11008
11008
11008
11008
11008
11008
11008
11008
11008
11008
11008
11008
11008
11008
11008
11008
11008
11008
11008
11008
11008
11008
11008
11008
11008
11008
11008
11008
11008
11008
11008
11008
11008
11008
11008
11008
11008
11008
11008
11008
11008
11008
11008
11008
11008
11008
11008
11008
11008
11008
11008
11008
11008
11008
11008
11008
11008
11008
11008
11008
11008
11008
11008
11008
11008
11008
11008
11008
11008
11008
11008
11008
11008
11008
11008
11008
11008
11008
11008
11008
11008
11008
11008
11008
11008
11008
11008
11008
11008
11008
11008
11008
11008
11008
11008
11008
11008
11008
11008
11008
11008
11008
11008
11008
11008
11008
11008
11008
11008
11008
11008
11008
11008
11008
11008
11008
11008
11008
11008
11008
11008
11008
11008
11008
11008
11008
11008
11008
11008
11008
11008
11008
11008
11008
11008
11008
11008
11008
11008
11008
11008
11008
11008
11008
11008
11008
11008
11008
11008
11008
11008
11008
11008
11008
11008
11008
11008
11008
11008
11008
11008
11008
11008
11008
11008
11008
11008
11008
11008
11008
11008
11008
11008
11008
11008
11008
11008
11008
11008
11008
11008
11008
11008
11008
11008
11008
11008
11008
11008
11008
11008
11008
11008
11008
11008
11008
11008
11008
11008
11008
11008
11008
11008
11008
11008
11008
11008
11008
11008
11008
11008
11008
11008
11008
11008
11008
11008
11008
11008
11008
11008
11008
11008
11008
11008
11008
11008
11008
11008
11008
11008
11008
11008
11008
11008
11008
11008
11008
11008
11008
11008
11008
11008
11008
11008
11008
11008
11008
11008
11008
11008
11008
11008
11008
11008
11008
11008
11008
11008
11008
11008
11008
11008
11008
11008
11008
11008
11008
11008
11008
11008
11008
11008
11008
11008
11008
11008
11008
11008
11008
11008
11008
11008
11008
11008
11008
11008
11008
11008
11008
11008
11008
11008
11008
11008
11008
11008
11008
11008
11008
11008
11008
11008
11008
11008
11008
11008
11008
11008
11008
11008
11008
11008
11008
11008
11008
11008
11008
11008
11008
11008
11008
11008
11008
11008
11008
11008
11008
11008
11008
11008
11008
11008
11008
11008
11008
11008
11008
11008
11008
11008
11008
11008
11008
11008
11008
11008
11008
11008
11008
11008
11008
11008
11008
11008
11008
11008
11008
11008
11008
11008
11008
11008
11008
11008
11008
11008
11008
11008
11008
11008
11008
11008
11008
11008
11008
11008
11008
11008
11008
11008
11008
11008
11008
11008
11008
11008
11008
11008
11008
11008
11008
11008
11008
11008
11008
11008
11008
11008
11008
11008
11008
11008
11008
11008
11008
11008
11008
11008
11008
11008
11008
11008
11008
11008
11008
11008
11008
11008
11008
11008
11008
11008
11008
11008
11008
11008
11008
11008
11008
11008
11008
11008
11008
11008
11008
11008
11008
11008
11008
11008
11008
11008
11008
11008
11008
11008
11008
11008
11008
11008
11008
11008
11008
11008
11008
11008
11008
11008
11008
11008
11008
11008
11008
11008
11008
11008
11008
11008
11008
11008
11008
11008
11008
11008
11008
11008
11008
11008
11008
11008
11008
11008
11008
11008
11008
11008
11008
11008
11008
11008
11008
11008
11008
11008
11008
11008
11008
11008
11008
11008
11008
11008
11008
11008
11008
11008
11008
11008
11008
11008
11008
11008
11008
11008
11008
11008
11008
11008
11008
11008
11008
11008
11008
11008
11008
11008
11008
11008
11008
11008
11008
11008
11008
11008
11008
11008
11008
11008
11008
11008
11008
11008
11008
11008
11008
11008
11008
11008
11008
11008
11008
11008
11008
11008
11008
11008
11008
11008
11008
11008
11008
11008
11008
11008
11008
11008
11008
11008
11008
11008
11008
11008
11008
11008
11008
11008
11008
11008
11008
11008
11008
11008
11008
11008
11008
11008
11008
11008
11008
11008
11008
11008
11008
11008
11008
11008
11008
11008
11008
11008
11008
11008
11008
11008
11008
11008
11008
11008
11008
11008
11008
11008
11008
11008
11008
11008
11008
11008
11008
11008
11008
11008
11008
11008
11008
11008
11008
11008
11008
11008
11008
11008
11008
11008
11008
11008
11008
11008
11008
11008
11008
11008
11008
11008
11008
11008
11008
11008
11008
11008
11008
11008
11008
11008
11008
11008
11008
11008
11008
11008
11008
11008
11008
11008
11008
11008
11008
11008
11008
11008
11008
11008
11008
11008
11008
11008
11008
11008
11008
11008
11008
11008
11008
11008
11008
11008
11008
11008
11008
11008
11008
11008
11008
11008
11008
11008
11008
11008
11008
11008
11008
11008
11008
11008
11008
11008
11008
11008
11008
11008
11008
11008
11008
11008
11008
11008
11008
11008
11008
11008
11008
11008
11008
11008
11008
11008
11008
11008
11008
11008
11008
11008
11008
11008
11008
11008
11008
11008
11008
11008
11008
11008
11008
11008
11008
11008
11008
11008
11008
11008
11008
11008
11008
11008
11008
11008
11008
11008
11008
11008
11008
11008
11008
11008
11008
11008
11008
11008
11008
11008
11008
11008
11008
11008
11008
11008
11008
11008
11008
11008
11008
11008
11008
11008
11008
11008
11008
11008
11008
11008
11008
11008
11008
11008
11008
11008
11008
11008
11008
11008
11008
11008
11008
11008
11008
11008
11008
11008
11008
11008
11008
11008
11008
11008
11008
11008
11008
11008
11008
11008
11008
11008
11008
11008
11008
11008
11008
11008
11008
11008
11008
11008
11008
11008
11008
11008
11008
11008
11008
11008
11008
11008
11008
11008
11008
11008
11008
11008
11008
11008
11008
11008
11008
11008
11008
11008
11008
11008
11008
11008
11008
11008
11008
11008
11008
11008
11008
11008
11008
11008
11008
11008
11008
11008
11008
11008
11008
11008
11008
11008
11008
11008
11008
11008
11008
11008
11008
11008
11008
11008
11008
11008
11008
11008
11008
11008
11008
11008
11008
11008
11008
11008
11008
11008
11008
11008
11008
11008
11008
11008
11008
11008
11008
11008
11008
11008
11008
11008
11008
11008
11008
11008
11008
11008
11008
11008
11008
11008
11008
11008
11008
11008
11008
11008
11008
11008
11008
11008
11008
11008
11008
11008
11008
11008
11008
11008
11008
11008
11008
11008
11008
11008
11008
11008
11008
11008
11008
11008
11008
11008
11008
11008
11008
11008
11008
11008
11008
11008
11008
11008
11008
11008
11008
11008
11008
11008
11008
11008
11008
11008
11008
11008
11008
11008
11008
11008
11008
11008
11008
11008
11008
11008
11008
11008
11008
11008
11008
11008
11008
11008
11008
11008
11008
11008
11008
11008
11008
11008
11008
11008
11008
11008
11008
11008
11008
11008
11008
11008
11008
11008
11008
11008
11008
11008
11008
11008
11008
11008
11008
11008
11008
11008
11008
11008
11008
11008
11008
11008
11008
11008
11008
11008
11008
11008
11008
11008
11008
11008
11008
11008
11008
11008
11008
11008
11008
11008
11008
11008
11008
11008
11008
11008
11008
11008
11008
11008
11008
11008
11008
11008
11008
11008
11008
11008
11008
11008
11008
11008
11008
11008
11008
11008
11008
11008
11008
11008
11008
11008
11008
11008
11008
11008
11008
11008
11008
11008
11008
11008
11008
11008
11008
11008
11008
11008
11008
11008
11008
11008
11008
11008
11008
11008
11008
11008
11008
11008
11008
11008
11008
11008
11008
11008
11008
11008
11008
11008
11008
11008
11008
11008
11008
11008
11008
11008
11008
11008
11008
11008
11008
11008
11008
11008
11008
11008
11008
11008
11008
11008
11008
11008
11008
11008
11008
11008
11008
11008
11008
11008
11008
11008
11008
11008
11008
11008
11008
11008
11008
11008
11008
11008
11008
11008
11008
11008
11008
11008
11008
11008
11008
11008
11008
11008
11008
11008
11008
