3290
3290
3437
3454
3487
3723
3861
3961
3980
3989
4011
4031
3437
3437
3456
3495
3586
3621
3626
3797
3437
3456
3495
3501
3517
3550
3577
3586
3592
3609
3621
3633
3677
3684
3721
3779
3797
3872
3948
3263
3278
3328
3361
3437
3440
3456
3495
3501
3525
3540
3550
3556
3561
3577
3592
3609
3633
3651
3674
3677
3684
3692
3721
3741
3750
3756
3797
3830
3851
3872
3877
3886
3943
3948
3962
3290
3295
3304
3331
3366
3404
3406
3412
3410
3420
3263
3278
3289
3278
3386
3409
3263
3265
3278
3361
3385
3263
3319
3355
3361
3263
3278
3263
3278
3289
3261
3262
3263
3264
3265
3266
3267
3268
3269
3270
3271
3272
3273
3274
3275
3276
3277
3278
3279
3280
3281
3282
3283
3284
3285
3286
3287
3288
3289
3290
3291
3292
3293
3294
3295
3296
3297
3298
3299
3300
3301
3302
3303
3304
3305
3306
3307
3308
3309
3310
3311
3312
3313
3314
3315
3316
3317
3318
3319
3320
3321
3322
3323
3324
3325
3326
3327
3328
3329
3330
3331
3332
3333
3334
3335
3336
3337
3338
3339
3340
3341
3342
3343
3344
3345
3346
3347
3348
3349
3350
3351
3352
3353
3354
3355
3356
3357
3358
3359
3360
3361
3362
3363
3364
3365
3366
3367
3368
3369
3370
3371
3372
3373
3374
3375
3376
3377
3378
3379
3380
3381
3382
3383
3384
3385
3386
3387
3388
3389
3390
3391
3392
3393
3394
3395
3396
3397
3398
3399
3400
3401
3402
3403
3404
3405
3406
3407
3408
3409
3410
3411
3412
3413
3414
3415
3416
3417
3418
3419
3420
3421
3422
3423
3424
3425
3426
3427
3428
3429
3430
3431
3432
3433
3434
3435
3436
3263
3385
3432
3261
3265
3272
3274
3276
3277
3280
3291
3296
3297
3302
3316
3320
3321
3330
3332
3335
3344
3347
3350
3351
3353
3355
3360
3381
3391
3396
3397
3406
3411
3416
3419
3434
3274
3291
3316
3346
3353
3366
3397
3412
3415
3300
3426
3428
3430
3284
3304
3324
3339
3348
3362
3363
3384
3387
3426
3263
3274
3299
3326
3327
3328
3330
3337
3342
3345
3386
3395
3397
3406
3411
3284
3339
3348
3363
3364
3384
3387
3426
3277
3313
3329
3349
3353
3276
3279
3291
3305
3307
3321
3341
3357
3374
3380
3274
3284
3301
3324
3339
3348
3362
3363
3384
3387
3390
3426
3283
3309
3311
3314
3318
3325
3382
3423
3261
3262
3274
3280
3298
3319
3320
3332
3350
3351
3386
3396
3411
3324
3363
3414
3426
3436
3265
3267
3277
3280
3288
3291
3296
3297
3316
3330
3344
3347
3350
3351
3381
3391
3397
3416
3419
3434
3264
3327
3330
3337
3341
3369
3395
3404
3411
3284
3301
3304
3339
3348
3363
3364
3387
3390
3426
3302
3375
3420
3263
3293
3324
3339
3362
3363
3364
3384
3417
3426
3433
3435
3284
3304
3339
3348
3363
3387
3426
3293
3301
3324
3363
3387
3433
3295
3334
3366
3286
3293
3301
3324
3362
3363
3364
3387
3390
3394
3400
3417
3426
3433
3435
3262
3320
3332
3350
3396
3434
3263
3279
3345
3405
3264
3337
3395
3404
3320
3321
3345
3360
3397
3302
3328
3284
3301
3324
3348
3363
3387
3417
3426
3433
3275
3342
3349
3353
3365
3383
3395
3278
3302
3310
3319
3361
3397
3284
3301
3304
3324
3339
3348
3363
3364
3384
3387
3388
3417
3426
3303
3274
3275
3295
3360
3275
3288
3292
3295
3373
3284
3324
3339
3348
3387
3400
3417
3426
3430
3283
3309
3311
3318
3325
3382
3328
3373
3431
3261
3262
3280
3287
3298
3320
3332
3350
3396
3275
3323
3330
3337
3341
3395
3283
3309
3311
3314
3318
3325
3382
3423
3301
3304
3363
3387
3426
3286
3293
3294
3303
3324
3362
3363
3414
3417
3426
3320
3331
3262
3298
3320
3332
3350
3396
3397
3434
3307
3300
3426
3285
3296
3366
3412
3277
3280
3288
3291
3296
3299
3321
3335
3345
3347
3350
3351
3357
3411
3415
3434
3285
3291
3321
3344
3371
3391
3406
3410
3412
3420
3264
3276
3291
3312
3330
3347
3365
3393
3263
3267
3274
3276
3280
3287
3288
3291
3299
3313
3320
3321
3345
3347
3350
3352
3353
3360
3385
3397
3403
3406
3434
3339
3348
3363
3387
3426
3263
3264
3296
3330
3331
3335
3350
3369
3385
3396
3402
3418
3261
3262
3267
3274
3277
3280
3281
3287
3288
3291
3297
3298
3320
3330
3332
3344
3345
3347
3350
3351
3353
3355
3367
3377
3378
3381
3386
3391
3396
3397
3406
3422
3434
3263
3291
3320
3321
3342
3344
3345
3353
3355
3386
3397
3406
3265
3291
3383
3263
3266
3273
3285
3295
3308
3332
3334
3346
3356
3359
3366
3370
3379
3405
3412
3415
3302
3392
3374
3273
3279
3285
3295
3319
3346
3356
3359
3366
3371
3379
3410
3412
3420
3279
3293
3362
3363
3364
3384
3394
3400
3417
3433
3435
3264
3289
3295
3302
3307
3312
3327
3341
3342
3346
3359
3365
3366
3369
3385
3395
3403
3412
3420
3387
3400
3372
3262
3272
3298
3320
3350
3396
3434
3287
3319
3340
3343
3347
3307
3385
3418
3327
3273
3298
3293
3294
3362
3363
3364
3384
3400
3417
3426
3433
3273
3292
3326
3346
3366
3379
3410
3415
3420
3293
3315
3399
3417
3433
3265
3267
3277
3280
3288
3291
3297
3298
3299
3316
3319
3320
3321
3330
3332
3335
3344
3345
3347
3350
3351
3352
3355
3360
3378
3391
3396
3397
3406
3411
3416
3419
3293
3301
3363
3400
3417
3433
3435
3365
3369
3385
3284
3324
3387
3392
3394
3430
3304
3363
3302
3312
3365
3274
3291
3299
3302
3313
3320
3321
3335
3342
3344
3345
3350
3355
3360
3378
3386
3397
3406
3411
3339
3348
3363
3364
3417
3426
3284
3324
3339
3348
3363
3387
3426
3291
3302
3321
3335
3342
3353
3357
3380
3261
3267
3280
3291
3320
3321
3344
3350
3355
3378
3386
3397
3406
3434
3284
3293
3324
3339
3348
3362
3363
3399
3400
3417
3426
3433
3284
3301
3324
3339
3348
3363
3387
3399
3417
3433
3435
3293
3362
3363
3364
3384
3417
3433
3284
3286
3301
3304
3324
3363
3364
3387
3414
3417
3426
3264
3285
3307
3330
3341
3365
3366
3369
3385
3412
3286
3303
3324
3383
3426
3263
3432
3286
3294
3303
3315
3324
3362
3387
3390
3414
3426
3275
3277
3279
3327
3329
3353
3380
3385
3286
3294
3303
3315
3324
3363
3414
3417
3426
3263
3278
3302
3319
3340
3361
3265
3267
3277
3297
3316
3330
3344
3351
3391
3397
3416
3419
3434
3413
3314
3318
3263
3274
3276
3287
3299
3302
3313
3353
3403
3409
3300
3265
3277
3280
3291
3297
3330
3347
3351
3411
3416
3419
3434
3327
3383
3389
3424
3274
3296
3313
3319
3328
3342
3349
3357
3374
3406
3411
3293
3339
3348
3362
3364
3384
3417
3433
3435
3273
3295
3346
3366
3271
3284
3304
3348
3363
3387
3399
3417
3426
3433
3261
3265
3267
3272
3274
3277
3280
3287
3297
3298
3306
3320
3327
3330
3332
3335
3345
3347
3350
3351
3366
3377
3378
3381
3396
3397
3416
3419
3422
3434
3285
3356
3366
3412
3420
3265
3279
3297
3299
3307
3335
3351
3352
3360
3374
3395
3419
3261
3267
3277
3280
3288
3291
3297
3326
3327
3335
3347
3350
3351
3366
3381
3397
3419
3425
3434
3284
3301
3303
3304
3324
3339
3348
3363
3364
3384
3387
3399
3426
3274
3291
3341
3353
3369
3383
3385
3395
3422
3275
3329
3342
3349
3365
3397
3409
3272
3280
3299
3302
3306
3335
3341
3345
3352
3360
3431
3284
3293
3324
3362
3363
3364
3384
3387
3394
3417
3426
3433
3435
3291
3302
3312
3320
3321
3327
3342
3347
3369
3379
3380
3395
3403
3271
3300
3428
3302
3267
3277
3280
3288
3291
3297
3316
3319
3320
3321
3330
3332
3335
3342
3344
3345
3347
3350
3351
3353
3355
3386
3391
3396
3397
3406
3416
3434
3417
3433
3296
3307
3353
3374
3385
3261
3267
3274
3277
3280
3287
3297
3320
3347
3350
3351
3377
3378
3381
3396
3419
3422
3434
3262
3320
3332
3350
3378
3396
3303
3354
3284
3324
3348
3363
3400
3417
3426
3433
3365
3267
3397
3419
3280
3380
3418
3316
3327
3377
3416
3286
3294
3309
3324
3363
3414
3417
3430
3300
3394
3400
3428
3269
3317
3333
3362
3388
3394
3293
3362
3363
3417
3433
3272
3280
3331
3273
3287
3291
3365
3393
3403
3421
3365
3393
3409
3304
3363
3387
3426
3264
3369
3261
3276
3350
3353
3272
3280
3289
3306
3307
3313
3328
3341
3342
3346
3385
3421
3275
3292
3295
3413
3263
3278
3361
3261
3262
3267
3287
3320
3332
3350
3378
3396
3403
3434
3365
3385
3431
3340
3361
3284
3301
3348
3363
3387
3390
3417
3426
3435
3261
3265
3272
3277
3280
3291
3298
3320
3330
3332
3335
3344
3347
3350
3351
3377
3378
3381
3391
3396
3397
3406
3411
3416
3434
3285
3295
3334
3356
3366
3412
3319
3346
3366
3379
3412
3434
3312
3326
3365
3393
3267
3275
3276
3277
3312
3330
3335
3353
3265
3267
3272
3277
3280
3288
3291
3297
3298
3299
3319
3320
3321
3330
3332
3345
3347
3350
3351
3355
3360
3381
3396
3397
3406
3411
3434
3283
3318
3325
3423
3324
3339
3348
3363
3387
3399
3417
3291
3327
3342
3383
3386
3421
3424
3269
3317
3394
3284
3286
3293
3304
3324
3339
3348
3362
3363
3364
3387
3414
3417
3426
3433
3267
3281
3287
3320
3367
3377
3378
3396
3403
3327
3335
3383
3389
3422
3424
3431
3264
3365
3369
3385
3402
3274
3365
3385
3395
3261
3263
3287
3295
3298
3396
3403
3299
3320
3321
3345
3352
3360
3397
3263
3307
3341
3280
3302
3306
3405
3265
3267
3277
3280
3288
3291
3297
3299
3316
3319
3321
3330
3332
3335
3344
3345
3347
3350
3351
3381
3396
3397
3406
3416
3419
3434
3293
3348
3363
3426
3300
3348
3392
3394
3430
3265
3267
3277
3280
3297
3316
3320
3330
3335
3342
3344
3347
3351
3381
3391
3397
3415
3416
3419
3286
3303
3362
3363
3390
3394
3414
3426
3430
3272
3280
3329
3342
3349
3275
3302
3327
3383
3404
3263
3291
3302
3341
3365
3397
3271
3354
3286
3293
3324
3362
3363
3364
3384
3387
3417
3433
3435
3265
3267
3270
3274
3277
3280
3296
3297
3316
3320
3330
3335
3344
3347
3349
3351
3357
3365
3380
3381
3386
3391
3397
3416
3419
3429
3434
3284
3324
3348
3362
3363
3387
3417
3433
3263
3264
3312
3365
3369
3385
3393
3402
3284
3304
3324
3339
3348
3363
3387
3390
3399
3426
3430
3293
3301
3324
3363
3387
3399
3417
3426
3433
3329
3349
3373
3267
3270
3277
3280
3289
3297
3302
3320
3330
3335
3340
3347
3350
3351
3378
3381
3386
3396
3397
3416
3419
3275
3295
3347
3359
3406
3299
3313
3327
3330
3331
3337
3344
3353
3360
3365
3369
3395
3415
3284
3293
3294
3339
3348
3362
3363
3387
3426
3430
3293
3301
3339
3348
3362
3364
3384
3387
3417
3433
3435
3284
3293
3363
3384
3387
3400
3417
3433
3435
3261
3272
3280
3287
3302
3313
3320
3327
3332
3335
3350
3360
3386
3396
3411
3272
3280
3306
3331
3284
3303
3324
3339
3348
3362
3363
3387
3399
3426
3346
3283
3309
3311
3314
3318
3325
3382
3423
3284
3286
3339
3348
3362
3363
3417
3261
3273
3274
3287
3320
3365
3366
3377
3378
3395
3422
3347
3278
3385
3390
3290
3310
3322
3336
3293
3362
3363
3399
3400
3300
3275
3309
3311
3314
3318
3325
3382
3423
3293
3294
3324
3339
3348
3362
3364
3384
3387
3394
3417
3426
3433
3435
3303
3324
3285
3288
3295
3298
3412
3415
3420
3327
3374
3389
3432
3261
3262
3274
3280
3306
3320
3327
3331
3332
3350
3381
3396
3403
3411
3274
3302
3331
3358
3284
3286
3293
3301
3304
3324
3348
3363
3426
3435
3436
3303
3363
3399
3327
3424
3392
3356
3366
3412
3267
3275
3277
3288
3291
3299
3321
3330
3342
3344
3345
3347
3351
3355
3360
3378
3380
3397
3406
3411
3418
3431
3434
3267
3272
3280
3291
3298
3306
3319
3321
3330
3341
3342
3345
3353
3360
3378
3406
3411
3434
3301
3304
3324
3339
3348
3362
3363
3384
3387
3426
3284
3293
3301
3303
3324
3339
3362
3363
3387
3417
3426
3293
3363
3417
3433
3284
3426
3303
3324
3339
3348
3362
3363
3384
3390
3399
3426
3284
3345
3348
3363
3364
3417
3426
3433
3284
3339
3348
3363
3387
3399
3426
3324
3339
3348
3363
3384
3399
3417
3426
3303
3324
3339
3348
3363
3384
3387
3417
3426
3276
3279
3302
3320
3321
3342
3360
3361
3380
3397
3409
3411
3293
3294
3303
3304
3324
3362
3363
3364
3384
3390
3394
3417
3433
3435
3284
3304
3339
3348
3363
3387
3399
3417
3426
3301
3339
3264
3369
3385
3284
3304
3348
3363
3417
3426
3430
3284
3304
3324
3348
3363
3417
3426
3433
3263
3299
3342
3345
3346
3353
3360
3397
3406
3411
3265
3285
3292
3296
3411
3293
3304
3364
3384
3433
3284
3304
3324
3348
3363
3387
3399
3426
3338
3365
3376
3401
3402
3425
3427
3429
3284
3324
3339
3348
3363
3387
3400
3417
3426
3430
3433
3293
3363
3364
3384
3387
3388
3390
3394
3399
3400
3414
3417
3426
3433
3435
3324
3362
3364
3384
3417
3433
3435
3372
3324
3362
3364
3384
3394
3399
3426
3433
3435
3264
3299
3330
3337
3358
3369
3385
3395
3404
3363
3368
3275
3295
3370
3385
3274
3261
3267
3272
3288
3291
3298
3302
3320
3330
3332
3344
3347
3355
3373
3378
3386
3396
3397
3403
3434
3262
3267
3280
3291
3298
3320
3332
3350
3353
3378
3396
3397
3406
3422
3434
3289
3331
3341
3343
3369
3396
3265
3267
3277
3280
3291
3297
3302
3316
3330
3335
3344
3347
3351
3373
3381
3391
3397
3416
3434
3293
3348
3363
3399
3417
3426
3433
3263
3361
3304
3404
3284
3286
3293
3301
3348
3363
3417
3426
3433
3284
3301
3303
3324
3339
3348
3362
3363
3387
3394
3417
3426
3433
3293
3363
3417
3433
3435
3263
3294
3302
3304
3335
3363
3380
3387
3273
3331
3301
3315
3324
3363
3414
3436
3310
3322
3336
3261
3272
3280
3320
3321
3331
3335
3351
3357
3360
3395
3411
3263
3264
3274
3285
3291
3295
3299
3313
3321
3330
3342
3344
3345
3346
3353
3359
3360
3366
3379
3391
3397
3404
3406
3410
3411
3412
3415
3421
3362
3364
3384
3417
3435
3279
3327
3383
3264
3289
3327
3337
3342
3346
3369
3385
3395
3397
3402
3403
3404
3419
3293
3324
3339
3362
3363
3364
3384
3387
3400
3417
3426
3433
3435
3263
3308
3261
3262
3276
3279
3280
3288
3295
3302
3313
3327
3331
3350
3353
3377
3386
3396
3283
3309
3314
3318
3325
3382
3423
3284
3324
3348
3363
3364
3387
3399
3414
3417
3426
3433
3286
3294
3303
3304
3273
3295
3302
3373
3289
3326
3331
3374
3274
3280
3298
3328
3378
3284
3301
3303
3339
3348
3362
3363
3387
3390
3399
3417
3426
3435
3303
3324
3363
3426
3343
3284
3301
3304
3324
3339
3348
3362
3364
3387
3426
3265
3280
3297
3316
3330
3332
3344
3351
3391
3411
3416
3419
3434
3283
3309
3311
3314
3318
3325
3382
3423
3280
3291
3299
3319
3320
3321
3330
3332
3344
3345
3347
3351
3355
3360
3386
3391
3396
3397
3406
3422
3434
3284
3339
3362
3363
3387
3399
3417
3426
3433
3261
3272
3280
3287
3289
3291
3298
3320
3344
3360
3378
3386
3403
3434
3293
3384
3435
3300
3303
3392
3426
3430
3297
3340
3409
3267
3270
3363
3400
3283
3309
3314
3318
3325
3382
3423
3368
3263
3274
3291
3316
3353
3377
3284
3301
3339
3348
3363
3387
3399
3426
3284
3348
3363
3400
3417
3426
3433
3387
3339
3364
3384
3400
3417
3433
3291
3320
3321
3330
3335
3344
3345
3353
3355
3360
3378
3386
3391
3397
3406
3434
3412
3265
3267
3277
3280
3288
3297
3320
3330
3347
3350
3351
3378
3381
3396
3416
3419
3434
3267
3277
3280
3288
3291
3297
3298
3302
3320
3329
3330
3344
3347
3355
3377
3378
3381
3397
3416
3419
3434
3339
3362
3384
3387
3417
3426
3435
3293
3294
3324
3348
3362
3364
3384
3387
3400
3417
3433
3272
3273
3397
3275
3277
3279
3291
3302
3307
3321
3330
3341
3342
3345
3346
3351
3385
3406
3431
3368
3263
3310
3327
3361
3293
3348
3362
3363
3364
3387
3400
3417
3433
3435
3273
3295
3331
3356
3373
3263
3273
3287
3291
3295
3323
3329
3341
3346
3353
3356
3359
3366
3379
3385
3395
3397
3403
3412
3420
3284
3324
3362
3363
3399
3417
3426
3287
3292
3302
3320
3342
3343
3347
3366
3403
3411
3344
3371
3412
3420
3434
3283
3309
3314
3318
3325
3382
3423
3279
3406
3269
3317
3333
3388
3390
3394
3262
3263
3287
3332
3350
3386
3396
3398
3411
3299
3345
3352
3360
3397
3293
3303
3362
3364
3384
3387
3417
3287
3329
3373
3267
3270
3277
3416
3419
3261
3274
3276
3281
3287
3291
3299
3320
3328
3330
3340
3353
3367
3377
3378
3385
3396
3397
3403
3422
3434
3277
3295
3307
3337
3346
3366
3412
3419
3273
3285
3295
3306
3331
3346
3350
3356
3359
3366
3377
3379
3380
3386
3412
3415
3263
3275
3340
3368
3412
3265
3277
3280
3288
3296
3297
3302
3316
3320
3332
3344
3351
3396
3397
3416
3419
3434
3284
3294
3339
3348
3362
3363
3387
3400
3426
3435
3324
3363
3414
3302
3328
3366
3397
3362
3363
3394
3400
3426
3435
3293
3301
3303
3324
3339
3348
3362
3363
3364
3384
3387
3400
3417
3426
3435
3274
3291
3292
3296
3302
3313
3326
3341
3347
3353
3366
3380
3395
3403
3368
3362
3363
3364
3384
3417
3433
3435
3394
3264
3365
3385
3397
3284
3304
3339
3348
3363
3364
3387
3390
3399
3426
3435
3261
3263
3287
3312
3313
3319
3327
3342
3345
3360
3365
3366
3385
3397
3403
3406
3265
3267
3277
3280
3288
3296
3297
3307
3316
3320
3330
3335
3344
3347
3351
3353
3355
3360
3378
3381
3391
3397
3416
3419
3434
3304
3363
3364
3387
3394
3400
3274
3277
3288
3291
3297
3299
3302
3319
3320
3321
3330
3335
3342
3344
3345
3351
3353
3355
3360
3380
3386
3391
3395
3397
3406
3421
3434
3261
3274
3287
3320
3377
3378
3396
3403
3422
3284
3339
3348
3362
3387
3399
3426
3299
3326
3345
3352
3360
3303
3417
3426
3428
3313
3357
3360
3369
3269
3300
3299
3319
3345
3352
3360
3393
3406
3434
3339
3348
3384
3387
3417
3426
3276
3342
3374
3431
3265
3267
3277
3280
3291
3296
3297
3316
3330
3335
3344
3347
3350
3351
3381
3391
3397
3411
3416
3419
3434
3296
3312
3335
3261
3267
3274
3277
3280
3287
3288
3291
3296
3298
3299
3320
3321
3330
3332
3344
3347
3350
3351
3353
3355
3373
3378
3381
3386
3396
3397
3406
3419
3434
3286
3294
3303
3315
3324
3348
3362
3384
3387
3388
3354
3284
3303
3315
3324
3348
3363
3387
3399
3426
3433
3284
3286
3301
3304
3348
3363
3387
3426
3433
3263
3278
3396
3432
3299
3345
3352
3360
3300
3272
3280
3287
3291
3298
3320
3328
3330
3332
3347
3350
3360
3367
3378
3381
3396
3397
3403
3411
3263
3266
3308
3398
3405
3289
3295
3306
3331
3343
3366
3373
3395
3368
3284
3339
3348
3363
3399
3426
3284
3301
3362
3363
3387
3399
3433
3322
3336
3261
3327
3366
3412
3415
3334
3366
3397
3265
3267
3277
3297
3302
3316
3330
3344
3350
3351
3355
3386
3391
3397
3416
3434
3263
3287
3302
3305
3329
3342
3353
3368
3385
3403
3284
3293
3363
3417
3433
3313
3323
3357
3397
3261
3262
3272
3274
3279
3280
3281
3287
3289
3291
3296
3298
3313
3320
3332
3347
3350
3353
3367
3377
3378
3381
3396
3397
3403
3411
3422
3434
3263
3273
3285
3295
3342
3356
3361
3366
3371
3373
3410
3412
3415
3420
3284
3293
3301
3339
3348
3363
3364
3384
3387
3426
3435
3262
3288
3320
3332
3350
3351
3386
3396
3411
3434
3269
3317
3333
3363
3388
3390
3394
3400
3263
3266
3308
3341
3365
3398
3405
3265
3267
3272
3277
3280
3291
3297
3299
3306
3316
3320
3321
3330
3332
3335
3342
3344
3345
3347
3350
3351
3355
3357
3378
3381
3386
3391
3396
3397
3406
3409
3411
3416
3419
3421
3434
3322
3293
3300
3324
3339
3362
3364
3384
3387
3400
3417
3426
3433
3435
3284
3304
3348
3363
3263
3285
3295
3346
3356
3366
3371
3379
3410
3412
3420
3264
3289
3296
3299
3313
3321
3327
3337
3338
3358
3365
3369
3385
3395
3404
3406
3427
3272
3280
3291
3298
3263
3287
3299
3319
3321
3332
3344
3345
3355
3360
3393
3397
3403
3406
3293
3303
3324
3326
3339
3362
3363
3364
3384
3387
3392
3417
3426
3430
3433
3435
3303
3324
3362
3274
3291
3342
3357
3380
3267
3303
3324
3392
3426
3284
3301
3339
3348
3362
3363
3384
3387
3399
3426
3274
3275
3279
3299
3302
3329
3340
3342
3345
3360
3301
3339
3348
3362
3363
3364
3387
3329
3349
3369
3295
3320
3337
3346
3350
3366
3261
3265
3267
3277
3280
3288
3291
3296
3297
3302
3316
3320
3330
3332
3335
3344
3347
3350
3351
3353
3355
3360
3366
3373
3381
3385
3391
3397
3403
3406
3411
3416
3419
3434
3265
3267
3277
3280
3297
3320
3330
3344
3347
3351
3416
3434
3285
3359
3371
3410
3412
3420
3293
3294
3324
3339
3362
3363
3364
3384
3390
3417
3426
3435
3354
3267
3291
3299
3319
3320
3321
3330
3332
3342
3344
3345
3355
3386
3391
3397
3406
3416
3434
3263
3275
3288
3291
3313
3323
3330
3337
3340
3341
3342
3343
3379
3395
3403
3421
3284
3339
3348
3363
3387
3426
3299
3345
3360
3415
3302
3313
3327
3369
3374
3403
3421
3261
3274
3279
3280
3287
3298
3302
3320
3342
3350
3353
3377
3378
3395
3396
3403
3415
3422
3434
3280
3298
3378
3422
3261
3267
3272
3277
3280
3291
3297
3298
3299
3320
3323
3327
3335
3347
3350
3351
3366
3377
3378
3381
3391
3419
3434
3339
3362
3364
3394
3400
3426
3430
3435
3265
3280
3288
3291
3302
3335
3342
3344
3350
3351
3378
3396
3397
3411
3419
3422
3434
3261
3265
3267
3272
3280
3291
3296
3297
3298
3302
3306
3320
3321
3330
3332
3335
3344
3347
3350
3351
3360
3381
3391
3396
3397
3411
3416
3418
3419
3422
3431
3434
3274
3302
3304
3339
3342
3363
3364
3431
3263
3287
3295
3320
3332
3353
3366
3377
3379
3386
3396
3403
3412
3293
3324
3362
3387
3417
3435
3267
3277
3280
3291
3297
3299
3316
3320
3321
3330
3335
3342
3344
3345
3350
3351
3355
3381
3391
3397
3406
3416
3419
3434
3354
3339
3400
3430
3312
3335
3365
3380
3393
3418
3419
3322
3336
3322
3336
3301
3324
3348
3363
3426
3435
3436
3300
3372
3265
3267
3277
3280
3288
3291
3296
3297
3316
3320
3321
3330
3332
3335
3344
3347
3350
3351
3355
3381
3391
3396
3397
3411
3416
3419
3434
3273
3366
3293
3363
3417
3433
3264
3279
3282
3327
3330
3331
3335
3337
3340
3341
3365
3369
3379
3385
3395
3409
3419
3348
3387
3392
3394
3400
3426
3430
3279
3307
3374
3300
3392
3426
3428
3430
3275
3277
3291
3302
3313
3320
3321
3331
3335
3341
3342
3345
3353
3360
3378
3379
3380
3386
3393
3397
3406
3271
3354
3284
3324
3339
3363
3387
3426
3328
3346
3360
3431
3261
3267
3274
3277
3280
3287
3291
3297
3320
3330
3332
3347
3350
3351
3377
3378
3381
3385
3386
3396
3403
3419
3422
3265
3267
3277
3288
3291
3297
3302
3316
3330
3335
3344
3347
3351
3381
3383
3397
3416
3419
3434
3272
3280
3298
3306
3327
3331
3360
3378
3381
3403
3411
3422
3434
3284
3301
3339
3348
3387
3426
3435
3265
3267
3272
3277
3280
3291
3296
3297
3302
3329
3330
3332
3335
3342
3344
3347
3350
3351
3360
3381
3397
3406
3409
3411
3419
3312
3326
3327
3406
3409
3431
3265
3274
3280
3288
3291
3296
3297
3313
3320
3329
3330
3332
3335
3347
3350
3351
3353
3373
3378
3396
3397
3411
3419
3434
3392
3428
3277
3288
3291
3295
3321
3334
3344
3346
3355
3366
3370
3371
3379
3380
3386
3391
3397
3411
3412
3415
3434
3368
3264
3365
3369
3385
3320
3327
3328
3342
3350
3431
3293
3348
3363
3417
3433
3295
3405
3298
3344
3350
3355
3360
3386
3397
3273
3285
3295
3302
3306
3331
3334
3346
3356
3359
3366
3379
3412
3415
3387
3435
3263
3343
3339
3400
3365
3369
3385
3273
3295
3331
3346
3366
3379
3405
3412
3415
3265
3267
3277
3280
3291
3297
3316
3330
3335
3344
3351
3381
3385
3391
3397
3416
3419
3434
3280
3291
3298
3320
3332
3347
3350
3377
3378
3396
3434
3312
3404
3431
3261
3272
3274
3280
3287
3291
3296
3298
3313
3320
3332
3347
3350
3351
3353
3377
3378
3381
3396
3403
3411
3422
3434
3335
3381
3418
3431
3284
3304
3339
3348
3362
3363
3387
3399
3426
3285
3295
3356
3366
3412
3420
3273
3285
3291
3295
3366
3380
3412
3415
3420
3295
3307
3357
3374
3403
3415
3261
3262
3265
3280
3296
3297
3298
3332
3350
3351
3396
3397
3411
3434
3372
3372
3261
3262
3272
3274
3280
3288
3291
3297
3298
3320
3332
3350
3351
3353
3378
3386
3396
3397
3411
3434
3286
3294
3303
3315
3324
3363
3387
3390
3414
3417
3261
3267
3272
3274
3277
3278
3280
3287
3297
3320
3335
3342
3347
3350
3351
3360
3377
3378
3385
3396
3403
3409
3411
3419
3422
3434
3295
3320
3350
3386
3264
3337
3365
3369
3385
3402
3404
3408
3425
3265
3277
3280
3299
3306
3320
3345
3352
3360
3411
3434
3331
3369
3395
3406
3415
3275
3327
3341
3383
3291
3313
3320
3344
3355
3359
3366
3379
3393
3412
3434
3274
3353
3385
3422
3294
3301
3315
3324
3414
3320
3360
3397
3284
3301
3348
3363
3387
3399
3426
3436
3264
3289
3327
3330
3365
3369
3385
3402
3403
3418
3299
3321
3342
3345
3291
3321
3330
3331
3337
3342
3345
3347
3351
3353
3379
3385
3393
3395
3397
3411
3419
3422
3434
3280
3320
3330
3331
3337
3358
3378
3434
3354
3261
3265
3267
3272
3277
3280
3291
3296
3297
3316
3320
3330
3344
3347
3350
3351
3355
3360
3378
3381
3391
3397
3406
3411
3416
3419
3434
3324
3275
3291
3299
3313
3321
3342
3345
3366
3395
3406
3421
3267
3277
3280
3291
3296
3297
3302
3320
3321
3342
3347
3351
3360
3378
3419
3434
3263
3276
3278
3343
3369
3280
3291
3316
3320
3344
3347
3351
3355
3391
3397
3416
3434
3273
3285
3295
3350
3356
3359
3366
3371
3410
3412
3420
3411
3431
3299
3320
3345
3360
3302
3313
3346
3366
3411
3415
3329
3330
3346
3374
3431
3299
3321
3335
3345
3355
3360
3406
3434
3303
3324
3363
3394
3417
3276
3279
3296
3312
3326
3327
3337
3342
3365
3379
3383
3419
3272
3274
3280
3302
3307
3335
3302
3354
3330
3331
3337
3340
3341
3342
3365
3369
3379
3385
3395
3404
3409
3415
3293
3324
3362
3363
3417
3433
3275
3327
3346
3383
3389
3263
3278
3340
3285
3342
3366
3371
3406
3410
3412
3420
3267
3291
3299
3313
3321
3330
3342
3344
3345
3351
3353
3355
3360
3386
3391
3397
3406
3421
3434
3261
3274
3281
3287
3288
3320
3328
3386
3396
3403
3422
3284
3339
3348
3363
3387
3390
3399
3417
3426
3433
3269
3324
3293
3324
3348
3363
3426
3300
3392
3269
3317
3392
3394
3400
3284
3301
3324
3339
3348
3363
3387
3400
3417
3426
3273
3285
3295
3302
3335
3346
3356
3359
3366
3370
3379
3412
3415
3286
3294
3315
3324
3362
3390
3400
3280
3288
3397
3264
3359
3369
3385
3284
3286
3303
3315
3324
3390
3426
3293
3348
3387
3433
3435
3265
3267
3277
3291
3297
3316
3320
3321
3330
3344
3345
3347
3351
3355
3381
3391
3397
3406
3416
3419
3434
3276
3291
3299
3316
3319
3320
3321
3330
3332
3335
3341
3342
3344
3345
3355
3386
3391
3397
3406
3416
3421
3434
3285
3371
3410
3412
3420
3274
3329
3411
3293
3363
3384
3417
3433
3435
3263
3278
3403
3275
3295
3321
3265
3277
3280
3291
3296
3297
3316
3330
3335
3344
3347
3351
3355
3381
3391
3397
3416
3419
3434
3274
3313
3327
3360
3383
3389
3395
3424
3431
3346
3421
3363
3387
3372
3265
3267
3277
3280
3291
3297
3299
3316
3320
3321
3330
3335
3342
3344
3345
3347
3351
3355
3381
3385
3391
3397
3406
3411
3416
3419
3434
3264
3289
3327
3345
3369
3385
3404
3411
3431
3272
3280
3343
3409
3411
3264
3369
3385
3263
3264
3274
3312
3338
3358
3365
3369
3376
3385
3393
3397
3401
3402
3418
3425
3427
3429
3293
3362
3364
3387
3426
3433
3435
3262
3274
3291
3299
3320
3332
3342
3350
3360
3396
3411
3434
3263
3276
3330
3337
3365
3369
3380
3395
3404
3287
3288
3292
3298
3299
3345
3360
3386
3406
3262
3274
3280
3287
3291
3298
3320
3332
3335
3350
3377
3378
3396
3397
3403
3422
3434
3287
3332
3350
3396
3411
3266
3278
3279
3287
3308
3398
3403
3405
3406
3337
3358
3365
3369
3385
3402
3404
3267
3277
3280
3297
3316
3351
3397
3416
3419
3308
3398
3405
3270
3277
3280
3291
3297
3299
3316
3320
3330
3335
3344
3347
3351
3365
3378
3381
3397
3416
3419
3407
3400
3274
3280
3291
3306
3320
3328
3347
3350
3351
3360
3378
3381
3422
3295
3346
3366
3373
3412
3281
3287
3291
3302
3313
3320
3350
3353
3360
3367
3375
3377
3396
3397
3422
3291
3292
3318
3327
3359
3385
3299
3340
3343
3353
3280
3291
3297
3316
3320
3321
3330
3344
3351
3378
3381
3391
3397
3416
3419
3434
3335
3361
3305
3326
3353
3374
3395
3432
3288
3291
3296
3297
3298
3306
3320
3327
3330
3332
3344
3347
3350
3351
3360
3378
3381
3391
3396
3397
3419
3422
3431
3434
3320
3367
3377
3378
3396
3309
3314
3318
3325
3382
3423
3324
3339
3348
3363
3387
3426
3356
3366
3371
3410
3420
3324
3414
3417
3298
3320
3332
3353
3355
3377
3396
3403
3406
3422
3291
3297
3313
3332
3350
3355
3360
3386
3393
3397
3411
3419
3422
3434
3302
3331
3341
3396
3297
3299
3302
3313
3320
3321
3330
3332
3335
3337
3341
3342
3344
3345
3347
3351
3353
3355
3360
3378
3380
3386
3391
3396
3397
3406
3416
3421
3422
3434
3302
3331
3341
3339
3348
3362
3363
3384
3394
3426
3433
3435
3303
3315
3324
3333
3362
3331
3334
3346
3356
3366
3412
3415
3297
3302
3304
3321
3337
3344
3350
3351
3411
3415
3434
3316
3330
3335
3351
3381
3391
3397
3416
3419
3306
3320
3328
3332
3350
3378
3381
3396
3321
3340
3342
3344
3345
3351
3353
3360
3391
3397
3403
3406
3421
3434
3392
3426
3430
3363
3387
3426
3436
3321
3330
3341
3343
3347
3350
3351
3356
3373
3403
3315
3324
3426
3324
3404
3374
3331
3351
3353
3422
3341
3374
3406
3398
3405
3311
3314
3318
3325
3382
3423
3318
3325
3382
3365
3393
3327
3342
3318
3325
3382
3423
3362
3344
3391
3397
3416
3419
3394
3325
3382
3423
3321
3344
3350
3393
3411
3321
3332
3344
3345
3347
3350
3353
3355
3360
3367
3377
3378
3381
3386
3396
3397
3403
3406
3422
3434
3327
3342
3344
3345
3351
3355
3360
3365
3380
3386
3391
3397
3406
3421
3422
3434
3336
3397
3339
3362
3363
3388
3390
3414
3417
3426
3382
3383
3423
3327
3342
3393
3395
3347
3366
3369
3383
3389
3421
3424
3343
3369
3349
3409
3431
3332
3335
3337
3344
3345
3347
3351
3355
3358
3369
3381
3391
3396
3397
3404
3411
3419
3422
3434
3353
3358
3366
3373
3395
3405
3347
3350
3353
3355
3378
3396
3403
3411
3434
3388
3394
3366
3350
3351
3357
3360
3385
3397
3411
3419
3434
3369
3376
3401
3402
3425
3427
3348
3362
3363
3387
3400
3417
3426
3365
3342
3359
3369
3344
3345
3353
3355
3391
3403
3406
3416
3419
3421
3411
3345
3351
3355
3386
3391
3393
3397
3406
3416
3434
3352
3355
3360
3386
3391
3397
3403
3406
3434
3361
3366
3379
3415
3421
3350
3351
3366
3378
3381
3396
3397
3403
3406
3416
3434
3363
3384
3387
3426
3435
3353
3360
3355
3360
3381
3386
3396
3411
3357
3360
3381
3391
3397
3416
3419
3431
3434
3360
3355
3360
3385
3386
3397
3403
3422
3434
3386
3391
3396
3397
3406
3434
3366
3412
3360
3369
3385
3366
3412
3386
3397
3406
3415
3431
3434
3363
3364
3384
3387
3390
3417
3426
3433
3435
3387
3394
3399
3414
3417
3426
3430
3433
3384
3417
3433
3435
3369
3385
3393
3395
3397
3429
3370
3379
3403
3412
3415
3377
3396
3385
3395
3410
3412
3420
3401
3402
3425
3427
3378
3396
3422
3381
3396
3397
3419
3412
3416
3419
3434
3423
3387
3417
3435
3396
3397
3403
3406
3434
3390
3399
3417
3426
3435
3394
3394
3397
3406
3416
3434
3426
3428
3430
3426
3403
3406
3415
3403
3411
3422
3434
3406
3416
3419
3434
3405
3433
3402
3425
3427
3425
3427
3422
3409
3421
3422
3434
3412
3420
3434
3420
3419
3434
3433
3435
3434
3434
3427
3430
3438
3439
3440
3441
3442
3443
3444
3445
3446
3447
3448
3449
3450
3451
3452
3453
3454
3455
3456
3457
3458
3459
3460
3461
3462
3463
3464
3465
3466
3467
3468
3469
3470
3471
3472
3473
3474
3475
3476
3477
3478
3479
3480
3481
3482
3483
3484
3485
3486
3487
3488
3489
3490
3491
3492
3493
3494
3495
3496
3497
3498
3499
3500
3501
3502
3503
3504
3505
3506
3507
3508
3509
3510
3511
3512
3513
3514
3515
3516
3517
3518
3519
3520
3521
3522
3523
3524
3525
3526
3527
3528
3529
3530
3531
3532
3533
3534
3535
3536
3537
3538
3539
3540
3541
3542
3543
3544
3545
3546
3547
3548
3549
3550
3551
3552
3553
3554
3555
3556
3557
3558
3559
3560
3561
3562
3563
3564
3565
3566
3567
3568
3569
3570
3571
3572
3573
3574
3575
3576
3577
3578
3579
3580
3581
3582
3583
3584
3585
3586
3587
3588
3589
3590
3591
3592
3593
3594
3595
3596
3597
3598
3599
3600
3601
3602
3603
3604
3605
3606
3607
3608
3609
3610
3611
3612
3613
3614
3615
3616
3617
3618
3619
3620
3621
3622
3623
3624
3625
3626
3627
3628
3629
3630
3631
3632
3633
3634
3635
3636
3637
3638
3639
3640
3641
3642
3643
3644
3645
3646
3647
3648
3649
3650
3651
3652
3653
3654
3655
3656
3657
3658
3659
3660
3661
3662
3663
3664
3665
3666
3667
3668
3669
3670
3671
3672
3673
3674
3675
3676
3677
3678
3679
3680
3681
3682
3683
3684
3685
3686
3687
3688
3689
3690
3691
3692
3693
3694
3695
3696
3697
3698
3699
3700
3701
3702
3703
3704
3705
3706
3707
3708
3709
3710
3711
3712
3713
3714
3715
3716
3717
3718
3719
3720
3721
3722
3723
3724
3725
3726
3727
3728
3729
3730
3731
3732
3733
3734
3735
3736
3737
3738
3739
3740
3741
3742
3743
3744
3745
3746
3747
3748
3749
3750
3751
3752
3753
3754
3755
3756
3757
3758
3759
3760
3761
3762
3763
3764
3765
3766
3767
3768
3769
3770
3771
3772
3773
3774
3775
3776
3777
3778
3779
3780
3781
3782
3783
3784
3785
3786
3787
3788
3789
3790
3791
3792
3793
3794
3795
3796
3797
3798
3799
3800
3801
3802
3803
3804
3805
3806
3807
3808
3809
3810
3811
3812
3813
3814
3815
3816
3817
3818
3819
3820
3821
3822
3823
3824
3825
3826
3827
3828
3829
3830
3831
3832
3833
3834
3835
3836
3837
3838
3839
3840
3841
3842
3843
3844
3845
3846
3847
3848
3849
3850
3851
3852
3853
3854
3855
3856
3857
3858
3859
3860
3861
3862
3863
3864
3865
3866
3867
3868
3869
3870
3871
3872
3873
3874
3875
3876
3877
3878
3879
3880
3881
3882
3883
3884
3885
3886
3887
3888
3889
3890
3891
3892
3893
3894
3895
3896
3897
3898
3899
3900
3901
3902
3903
3904
3905
3906
3907
3908
3909
3910
3911
3912
3913
3914
3915
3916
3917
3918
3919
3920
3921
3922
3923
3924
3925
3926
3927
3928
3929
3930
3931
3932
3933
3934
3935
3936
3937
3938
3939
3940
3941
3942
3943
3944
3945
3946
3947
3948
3949
3950
3951
3952
3953
3954
3955
3956
3957
3958
3959
3960
3961
3962
3963
3964
3965
3966
3967
3968
3969
3970
3971
3972
3973
3974
3975
3976
3977
3978
3979
3448
3449
3456
3480
3491
3501
3517
3522
3533
3540
3545
3586
3633
3677
3693
3734
3760
3784
3842
3851
3877
3938
3971
3513
3616
3638
3647
3699
3716
3799
3932
3495
3501
3525
3540
3545
3576
3596
3600
3633
3684
3697
3703
3734
3755
3780
3797
3805
3842
3851
3877
3886
3938
3968
3971
3536
3538
3546
3662
3949
3455
3470
3472
3505
3508
3521
3526
3553
3590
3597
3599
3608
3615
3629
3636
3644
3663
3678
3685
3698
3705
3710
3713
3715
3722
3728
3735
3740
3753
3773
3778
3791
3802
3835
3850
3865
3867
3876
3907
3918
3921
3936
3941
3977
3460
3464
3466
3469
3529
3554
3582
3593
3630
3634
3645
3738
3752
3829
3859
3906
3909
3915
3937
3956
3972
3742
3849
3861
3904
3538
3628
3725
3743
3819
3868
3490
3531
3546
3549
3580
3585
3624
3662
3814
3863
3580
3624
3679
3682
3894
3449
3456
3471
3475
3485
3491
3495
3501
3527
3540
3545
3577
3586
3596
3604
3609
3611
3633
3640
3642
3677
3684
3693
3697
3734
3737
3756
3779
3797
3800
3804
3828
3830
3838
3841
3845
3851
3860
3889
3930
3938
3943
3944
3948
3966
3456
3480
3491
3495
3501
3517
3545
3577
3586
3596
3604
3609
3618
3625
3633
3651
3674
3677
3684
3692
3693
3721
3734
3737
3756
3788
3796
3797
3800
3805
3830
3838
3841
3851
3873
3877
3889
3938
3943
3948
3962
3971
3497
3528
3545
3596
3604
3605
3642
3672
3730
3731
3737
3790
3804
3838
3860
3913
3930
3462
3488
3545
3573
3576
3596
3603
3611
3658
3824
3838
3877
3891
3902
3966
3547
3586
3605
3621
3642
3673
3677
3693
3775
3779
3861
3880
3470
3498
3505
3521
3526
3553
3588
3590
3599
3608
3629
3636
3663
3685
3710
3713
3715
3722
3728
3735
3740
3753
3769
3773
3778
3802
3815
3827
3835
3850
3862
3867
3876
3886
3907
3921
3461
3495
3501
3514
3545
3557
3577
3586
3596
3604
3609
3618
3633
3651
3654
3674
3677
3687
3692
3693
3697
3703
3734
3750
3756
3762
3797
3800
3804
3824
3830
3831
3841
3842
3851
3858
3873
3884
3938
3943
3948
3962
3968
3971
3703
3830
3831
3938
3944
3468
3493
3506
3569
3584
3593
3643
3648
3711
3718
3719
3792
3793
3810
3822
3900
3903
3951
3969
3469
3529
3534
3564
3614
3645
3758
3763
3770
3782
3793
3812
3825
3945
3464
3466
3469
3474
3515
3529
3568
3601
3602
3630
3634
3726
3752
3761
3768
3782
3786
3829
3881
3900
3915
3931
3937
3945
3956
3972
3495
3559
3831
3930
3934
3968
3488
3559
3576
3596
3604
3611
3672
3756
3762
3800
3824
3838
3877
3891
3926
3930
3934
3966
3486
3506
3555
3558
3569
3591
3593
3680
3705
3706
3714
3793
3794
3822
3826
3861
3869
3906
3909
3924
3931
3947
3951
3466
3469
3474
3510
3529
3554
3583
3601
3602
3604
3612
3617
3630
3634
3668
3680
3724
3726
3738
3761
3764
3777
3823
3829
3895
3915
3945
3956
3476
3519
3571
3579
3675
3701
3708
3757
3759
3774
3836
3837
3918
3957
3975
3469
3510
3529
3554
3583
3602
3634
3652
3668
3680
3726
3738
3761
3784
3821
3829
3881
3915
3937
3945
3956
3972
3533
3830
3524
3529
3532
3534
3535
3568
3584
3601
3622
3623
3645
3680
3718
3758
3764
3777
3782
3810
3823
3826
3866
3878
3881
3900
3927
3945
3956
3474
3510
3529
3554
3561
3604
3630
3634
3668
3726
3738
3752
3761
3764
3825
3829
3881
3915
3927
3945
3956
3972
3520
3521
3553
3599
3629
3710
3753
3767
3769
3773
3778
3796
3876
3475
3484
3485
3526
3540
3543
3545
3611
3672
3684
3702
3838
3845
3851
3852
3873
3877
3902
3930
3938
3940
3966
3971
3482
3505
3508
3521
3526
3553
3598
3629
3644
3685
3698
3840
3850
3538
3541
3567
3595
3628
3725
3739
3743
3819
3857
3868
3871
3874
3892
3912
3917
3554
3602
3604
3630
3634
3738
3761
3764
3823
3829
3915
3945
3956
3967
3484
3485
3488
3501
3526
3543
3545
3586
3611
3642
3672
3684
3702
3828
3838
3842
3845
3851
3852
3873
3877
3902
3926
3930
3938
3940
3948
3966
3971
3519
3579
3675
3701
3708
3757
3759
3774
3809
3836
3837
3957
3975
3565
3637
3651
3756
3847
3500
3587
3607
3655
3696
3747
3766
3776
3783
3791
3809
3920
3933
3960
3964
3967
3481
3516
3523
3562
3581
3594
3613
3639
3649
3695
3830
3883
3898
3919
3491
3540
3545
3586
3604
3625
3633
3651
3667
3674
3677
3684
3692
3693
3734
3756
3799
3830
3841
3938
3968
3971
3516
3562
3581
3594
3613
3639
3649
3695
3830
3883
3898
3919
3505
3508
3521
3553
3598
3644
3685
3698
3832
3850
3901
3499
3524
3617
3690
3724
3754
3782
3793
3821
3878
3895
3937
3501
3521
3568
3633
3684
3817
3831
3842
3873
3940
3968
3971
3488
3514
3518
3528
3559
3611
3627
3681
3790
3804
3817
3838
3845
3930
3966
3493
3506
3509
3569
3572
3591
3593
3680
3705
3706
3711
3714
3793
3794
3803
3822
3826
3833
3855
3869
3870
3900
3906
3909
3924
3951
3969
3976
3496
3504
3530
3551
3566
3723
3925
3961
3514
3518
3527
3528
3542
3545
3557
3559
3573
3576
3596
3604
3605
3611
3627
3640
3658
3672
3687
3702
3707
3730
3731
3737
3790
3800
3804
3824
3830
3838
3845
3858
3860
3877
3884
3891
3902
3913
3926
3930
3938
3966
3652
3665
3676
3825
3531
3546
3549
3580
3585
3624
3662
3682
3771
3814
3863
3894
3905
3540
3545
3586
3611
3684
3693
3712
3788
3797
3838
3842
3845
3851
3938
3962
3966
3968
3971
3496
3521
3556
3684
3697
3756
3841
3930
3506
3558
3584
3593
3646
3648
3680
3711
3719
3792
3810
3900
3903
3924
3951
3969
3583
3690
3705
3501
3525
3545
3548
3577
3586
3596
3609
3618
3621
3625
3633
3651
3667
3684
3687
3692
3697
3721
3734
3750
3756
3796
3797
3824
3830
3831
3842
3851
3860
3872
3873
3877
3880
3884
3908
3929
3930
3934
3938
3943
3944
3948
3962
3968
3971
3978
3505
3520
3521
3547
3550
3551
3629
3672
3677
3684
3722
3750
3775
3817
3831
3861
3518
3527
3528
3542
3543
3545
3576
3596
3604
3611
3658
3672
3707
3790
3804
3824
3838
3852
3902
3926
3940
3966
3521
3599
3615
3629
3636
3705
3713
3715
3722
3728
3740
3835
3862
3867
3907
3921
3532
3534
3535
3564
3617
3671
3680
3690
3719
3758
3764
3793
3821
3825
3829
3834
3843
3881
3947
3508
3587
3615
3641
3655
3664
3696
3747
3766
3776
3783
3791
3809
3920
3933
3960
3964
3967
3517
3525
3533
3545
3577
3586
3596
3604
3609
3625
3633
3651
3674
3677
3684
3692
3721
3734
3741
3756
3760
3796
3797
3800
3824
3830
3841
3842
3851
3873
3877
3884
3889
3938
3943
3948
3962
3968
3971
3669
3700
3813
3830
3864
3898
3911
3576
3596
3640
3672
3731
3779
3785
3800
3804
3838
3930
3959
3530
3551
3626
3677
3723
3839
3508
3512
3521
3526
3553
3598
3607
3629
3644
3685
3698
3722
3747
3753
3773
3827
3840
3850
3936
3507
3509
3511
3515
3534
3555
3558
3568
3569
3584
3591
3593
3620
3623
3631
3643
3646
3648
3680
3690
3706
3711
3714
3718
3754
3758
3784
3786
3794
3810
3822
3826
3829
3833
3855
3869
3895
3896
3903
3924
3951
3958
3969
3511
3554
3555
3690
3754
3823
3927
3521
3553
3598
3607
3615
3632
3644
3685
3698
3722
3728
3747
3776
3791
3809
3840
3850
3933
3569
3593
3706
3714
3718
3793
3794
3803
3826
3833
3855
3869
3896
3900
3906
3909
3924
3947
3951
3529
3554
3602
3630
3634
3668
3738
3752
3761
3821
3829
3869
3881
3915
3931
3945
3515
3530
3555
3566
3648
3671
3706
3719
3724
3738
3763
3770
3794
3821
3866
3896
3900
3904
3909
3517
3525
3533
3577
3604
3737
3760
3800
3830
3873
3929
3616
3799
3932
3952
3518
3528
3542
3545
3557
3578
3596
3604
3605
3611
3627
3633
3635
3640
3670
3672
3674
3687
3707
3730
3737
3760
3790
3800
3804
3824
3828
3830
3832
3838
3858
3860
3884
3913
3926
3938
3966
3555
3566
3593
3706
3829
3855
3958
3523
3562
3581
3613
3639
3649
3695
3830
3883
3898
3919
3533
3577
3586
3633
3677
3756
3760
3830
3851
3877
3948
3528
3542
3545
3557
3578
3596
3604
3605
3611
3635
3640
3670
3687
3702
3707
3730
3737
3790
3800
3804
3824
3830
3832
3838
3858
3860
3902
3938
3571
3579
3675
3701
3705
3708
3757
3759
3774
3836
3837
3918
3957
3975
3526
3550
3625
3667
3672
3684
3971
3526
3550
3553
3556
3573
3590
3592
3597
3598
3608
3615
3618
3625
3629
3666
3672
3684
3685
3698
3705
3710
3713
3722
3728
3735
3740
3753
3769
3773
3778
3797
3802
3815
3827
3831
3835
3840
3842
3850
3867
3876
3907
3921
3936
3948
3962
3592
3677
3779
3872
3930
3950
3979
3562
3581
3594
3613
3639
3649
3695
3830
3883
3898
3919
3535
3568
3584
3601
3602
3623
3645
3768
3770
3782
3786
3866
3906
3540
3550
3551
3563
3573
3577
3596
3625
3651
3656
3674
3677
3683
3692
3721
3734
3737
3756
3780
3841
3842
3851
3873
3886
3889
3948
3950
3962
3968
3970
3543
3553
3559
3563
3573
3590
3599
3629
3684
3685
3698
3713
3722
3753
3769
3773
3831
3840
3850
3862
3865
3528
3542
3545
3557
3604
3611
3672
3702
3707
3785
3800
3804
3838
3851
3902
3926
3930
3938
3966
3542
3545
3557
3559
3576
3596
3604
3605
3611
3627
3640
3681
3687
3702
3707
3730
3737
3790
3800
3804
3824
3832
3838
3858
3860
3926
3930
3938
3554
3568
3601
3602
3614
3630
3634
3668
3726
3738
3752
3758
3761
3777
3793
3829
3869
3900
3906
3909
3915
3937
3945
3947
3956
3972
3551
3673
3723
3925
3546
3549
3662
3771
3863
3949
3535
3564
3610
3617
3622
3767
3777
3803
3829
3927
3931
3956
3633
3674
3734
3760
3795
3830
3877
3929
3948
3535
3564
3568
3593
3612
3614
3617
3705
3758
3761
3770
3793
3810
3825
3829
3881
3906
3937
3584
3601
3623
3645
3694
3758
3782
3821
3823
3825
3866
3881
3927
3549
3606
3624
3662
3679
3682
3727
3812
3922
3664
3887
3901
3541
3567
3595
3628
3657
3725
3739
3743
3819
3857
3868
3871
3874
3892
3912
3917
3583
3584
3678
3690
3724
3823
3890
3895
3904
3556
3563
3596
3618
3656
3667
3674
3677
3684
3692
3693
3734
3750
3760
3780
3797
3830
3841
3842
3851
3886
3962
3966
3968
3971
3595
3628
3657
3725
3743
3868
3874
3892
3912
3543
3545
3559
3596
3604
3611
3628
3635
3658
3672
3687
3702
3707
3730
3790
3800
3804
3817
3824
3838
3852
3902
3926
3930
3940
3966
3576
3605
3859
3940
3674
3775
3808
3888
3557
3559
3576
3577
3578
3586
3596
3604
3605
3611
3627
3633
3640
3642
3651
3654
3672
3674
3677
3681
3684
3687
3697
3702
3703
3722
3730
3731
3734
3737
3755
3756
3785
3788
3790
3800
3804
3824
3828
3830
3831
3838
3841
3842
3845
3851
3852
3858
3860
3884
3889
3891
3902
3913
3926
3930
3938
3943
3962
3966
3968
3971
3549
3580
3624
3662
3679
3811
3863
3894
3939
3949
3963
3548
3628
3677
3684
3693
3747
3750
3775
3779
3950
3661
3737
3897
3908
3948
3566
3585
3624
3662
3682
3812
3814
3863
3905
3552
3573
3625
3633
3667
3672
3684
3797
3872
3950
3968
3971
3723
3925
3961
3573
3625
3672
3830
3886
3563
3598
3599
3629
3644
3663
3685
3698
3705
3710
3722
3728
3753
3769
3773
3778
3802
3827
3835
3840
3867
3921
3936
3561
3634
3680
3726
3752
3761
3794
3829
3915
3945
3956
3972
3584
3591
3593
3600
3604
3617
3754
3758
3767
3777
3803
3810
3829
3956
3611
3625
3684
3688
3693
3817
3851
3971
3574
3596
3604
3611
3627
3635
3640
3642
3670
3687
3702
3730
3731
3737
3790
3800
3804
3824
3828
3838
3858
3860
3938
3568
3584
3593
3620
3643
3646
3648
3711
3719
3738
3758
3768
3782
3786
3792
3793
3794
3810
3826
3829
3855
3866
3869
3870
3881
3903
3906
3909
3924
3945
3947
3951
3958
3969
3573
3576
3604
3627
3681
3731
3762
3804
3831
3838
3877
3884
3891
3902
3926
3930
3934
3944
3691
3830
3604
3612
3738
3752
3803
3825
3927
3942
3945
3964
3581
3594
3613
3639
3649
3695
3830
3883
3898
3919
3656
3667
3683
3684
3741
3830
3852
3873
3886
3948
3962
3968
3568
3617
3622
3678
3680
3690
3719
3803
3821
3825
3878
3927
3637
3756
3662
3723
3780
3961
3595
3628
3657
3725
3739
3743
3857
3868
3874
3912
3917
3593
3601
3614
3617
3623
3645
3680
3758
3764
3768
3782
3786
3793
3810
3818
3825
3834
3843
3866
3906
3914
3915
3931
3947
3973
3591
3593
3680
3705
3706
3714
3793
3794
3803
3822
3826
3833
3869
3900
3906
3909
3924
3947
3951
3969
3579
3675
3701
3708
3757
3759
3774
3836
3837
3899
3918
3957
3965
3975
3705
3706
3714
3794
3822
3869
3576
3611
3625
3672
3702
3797
3838
3852
3877
3891
3902
3930
3966
3576
3596
3605
3611
3635
3640
3642
3731
3762
3828
3830
3877
3891
3672
3872
3577
3596
3604
3605
3611
3640
3642
3658
3670
3702
3707
3731
3756
3785
3790
3800
3824
3828
3830
3838
3858
3860
3877
3891
3902
3926
3930
3938
3966
3586
3596
3604
3609
3611
3618
3625
3633
3642
3651
3656
3674
3677
3684
3692
3693
3721
3734
3741
3756
3780
3797
3800
3828
3830
3841
3842
3851
3873
3877
3886
3889
3929
3938
3943
3944
3948
3962
3968
3596
3604
3611
3633
3640
3670
3683
3730
3731
3737
3790
3804
3824
3828
3830
3838
3858
3860
3877
3938
3675
3701
3708
3757
3759
3774
3836
3837
3918
3957
3975
3585
3679
3894
3905
3594
3613
3649
3695
3883
3898
3752
3600
3758
3825
3869
3931
3593
3617
3620
3631
3643
3646
3690
3711
3718
3719
3758
3763
3764
3768
3782
3784
3792
3793
3794
3810
3818
3821
3826
3833
3866
3870
3893
3896
3900
3903
3904
3906
3924
3927
3947
3951
3969
3973
3976
3679
3863
3949
3596
3604
3633
3651
3674
3677
3684
3692
3693
3697
3712
3734
3756
3760
3765
3788
3796
3797
3800
3830
3839
3841
3851
3889
3930
3938
3948
3971
3641
3655
3696
3747
3766
3776
3783
3791
3809
3920
3933
3960
3964
3967
3827
3862
3592
3599
3608
3615
3629
3636
3663
3666
3705
3710
3713
3715
3722
3728
3740
3756
3815
3835
3862
3867
3907
3921
3944
3593
3680
3706
3714
3793
3794
3822
3826
3833
3855
3900
3924
3951
3626
3677
3847
3888
3891
3916
3979
3601
3623
3631
3634
3646
3648
3680
3706
3711
3714
3718
3719
3738
3758
3764
3768
3782
3786
3793
3794
3810
3818
3829
3833
3855
3869
3906
3924
3931
3947
3951
3613
3649
3695
3830
3883
3898
3628
3657
3725
3739
3743
3857
3868
3912
3917
3603
3604
3605
3611
3627
3633
3635
3640
3642
3658
3670
3672
3674
3677
3681
3684
3686
3687
3692
3693
3702
3721
3730
3731
3734
3737
3750
3756
3762
3779
3780
3785
3788
3790
3797
3800
3804
3824
3828
3830
3832
3838
3841
3851
3858
3860
3877
3880
3884
3889
3902
3913
3926
3930
3938
3943
3948
3962
3966
3971
3685
3698
3850
3936
3608
3615
3629
3636
3663
3666
3705
3710
3713
3715
3722
3728
3735
3740
3753
3769
3773
3802
3815
3835
3850
3862
3867
3907
3921
3612
3825
3861
3604
3623
3645
3768
3782
3786
3818
3823
3825
3866
3881
3906
3630
3634
3738
3761
3770
3829
3869
3945
3972
3640
3672
3756
3790
3828
3838
3605
3611
3617
3627
3633
3635
3640
3645
3658
3672
3674
3677
3687
3721
3730
3731
3734
3737
3756
3770
3788
3790
3800
3804
3828
3830
3838
3841
3845
3851
3852
3858
3860
3861
3869
3889
3902
3913
3914
3915
3926
3938
3943
3948
3962
3966
3611
3635
3640
3670
3672
3687
3702
3707
3730
3731
3737
3756
3785
3790
3800
3804
3824
3828
3830
3838
3860
3877
3880
3926
3938
3948
3662
3727
3745
3644
3698
3747
3933
3615
3694
3705
3710
3713
3722
3728
3735
3740
3862
3867
3907
3921
3618
3633
3692
3721
3741
3750
3756
3779
3797
3830
3851
3877
3886
3938
3943
3948
3962
3968
3659
3660
3674
3732
3764
3772
3779
3847
3888
3927
3950
3953
3979
3633
3635
3640
3672
3731
3734
3737
3762
3785
3790
3800
3804
3817
3824
3830
3838
3842
3845
3851
3852
3858
3860
3877
3891
3902
3913
3926
3930
3938
3966
3971
3673
3758
3759
3764
3810
3825
3836
3837
3869
3893
3895
3937
3941
3945
3639
3649
3695
3830
3883
3898
3919
3652
3758
3825
3900
3945
3629
3636
3664
3705
3740
3776
3815
3835
3867
3907
3921
3638
3647
3699
3716
3799
3844
3848
3918
3932
3622
3645
3680
3690
3719
3724
3738
3754
3758
3777
3793
3803
3821
3823
3825
3830
3834
3869
3878
3895
3927
3931
3625
3633
3684
3692
3734
3750
3797
3842
3851
3873
3968
3971
3760
3880
3970
3646
3648
3711
3714
3718
3764
3792
3810
3870
3900
3906
3969
3684
3689
3721
3797
3861
3902
3690
3719
3803
3821
3878
3927
3931
3645
3758
3768
3782
3786
3793
3810
3818
3866
3906
3947
3662
3679
3806
3814
3863
3905
3949
3633
3656
3667
3672
3674
3677
3684
3692
3721
3734
3756
3797
3830
3841
3842
3851
3873
3886
3938
3948
3962
3968
3978
3839
3847
3916
3979
3635
3640
3681
3702
3707
3730
3790
3804
3824
3657
3725
3739
3743
3760
3819
3857
3868
3871
3874
3892
3912
3917
3962
3636
3666
3698
3705
3710
3713
3722
3728
3735
3740
3753
3769
3778
3815
3835
3840
3850
3862
3867
3876
3907
3921
3977
3634
3738
3829
3945
3648
3711
3786
3792
3833
3903
3720
3787
3791
3918
3651
3654
3656
3667
3674
3677
3684
3687
3692
3693
3721
3734
3741
3750
3756
3760
3788
3796
3797
3800
3804
3824
3828
3830
3841
3842
3851
3860
3873
3877
3884
3889
3928
3938
3943
3948
3962
3968
3971
3738
3752
3761
3829
3915
3937
3945
3956
3972
3640
3670
3686
3702
3730
3731
3790
3800
3804
3830
3832
3838
3926
3930
3938
3948
3666
3705
3710
3713
3722
3728
3735
3740
3753
3769
3802
3815
3835
3862
3867
3907
3921
3659
3756
3647
3716
3799
3844
3848
3918
3932
3952
3649
3695
3830
3883
3898
3642
3670
3687
3702
3707
3730
3731
3734
3737
3762
3785
3790
3800
3804
3824
3828
3832
3838
3858
3860
3884
3926
3938
3655
3696
3907
3920
3933
3960
3967
3658
3659
3730
3731
3737
3779
3828
3838
3860
3930
3938
3646
3648
3680
3711
3718
3719
3794
3810
3826
3833
3855
3870
3895
3896
3903
3909
3924
3951
3976
3685
3698
3747
3840
3850
3680
3764
3782
3786
3843
3866
3941
3648
3711
3719
3758
3763
3810
3924
3951
3969
3716
3799
3918
3932
3706
3711
3719
3758
3763
3792
3810
3816
3903
3924
3695
3830
3883
3898
3919
3674
3677
3683
3734
3750
3756
3824
3828
3830
3841
3851
3858
3873
3877
3884
3886
3929
3938
3948
3665
3676
3825
3720
3789
3918
3697
3703
3755
3804
3824
3830
3930
3938
3696
3747
3776
3783
3791
3920
3933
3960
3964
3967
3667
3677
3683
3684
3692
3734
3750
3756
3830
3841
3842
3886
3929
3948
3968
3725
3739
3743
3819
3857
3868
3892
3731
3756
3785
3800
3828
3891
3966
3772
3779
3888
3930
3950
3979
3775
3780
3847
3870
3737
3897
3908
3948
3682
3745
3812
3814
3863
3905
3710
3713
3728
3735
3740
3862
3921
3977
3696
3776
3901
3918
3933
3960
3676
3825
3931
3710
3728
3921
3683
3684
3692
3734
3736
3842
3852
3873
3886
3902
3948
3962
3968
3738
3761
3829
3945
3956
3700
3813
3830
3864
3911
3686
3687
3702
3731
3790
3804
3824
3830
3858
3880
3938
3948
3768
3770
3793
3821
3882
3958
3684
3702
3707
3737
3785
3797
3804
3838
3845
3851
3852
3872
3877
3891
3902
3926
3928
3930
3938
3940
3962
3966
3677
3692
3693
3734
3750
3756
3760
3788
3830
3841
3847
3851
3886
3888
3938
3948
3962
3979
3708
3757
3759
3774
3836
3837
3899
3957
3825
3684
3692
3693
3697
3712
3734
3756
3788
3797
3800
3828
3839
3841
3847
3851
3888
3930
3938
3943
3948
3962
3968
3791
3806
3863
3894
3905
3939
3963
3690
3706
3711
3714
3718
3794
3803
3822
3826
3830
3833
3843
3869
3870
3878
3882
3895
3900
3909
3924
3931
3951
3955
3958
3969
3707
3790
3804
3812
3814
3949
3692
3756
3790
3830
3842
3877
3886
3944
3948
3968
3692
3693
3697
3702
3721
3734
3736
3741
3750
3756
3780
3797
3817
3828
3830
3831
3841
3842
3851
3852
3872
3873
3877
3886
3902
3926
3938
3948
3962
3966
3968
3971
3698
3840
3850
3702
3730
3731
3737
3762
3790
3800
3804
3824
3830
3838
3858
3860
3884
3926
3938
3966
3721
3758
3768
3781
3782
3803
3821
3866
3869
3870
3878
3895
3927
3946
3955
3830
3693
3712
3721
3734
3756
3797
3830
3841
3851
3873
3877
3886
3938
3948
3962
3968
3734
3756
3838
3841
3845
3851
3938
3948
3970
3971
3816
3867
3830
3883
3898
3919
3747
3776
3783
3791
3920
3933
3960
3967
3756
3797
3824
3830
3831
3842
3858
3884
3938
3971
3728
3747
3840
3850
3813
3830
3864
3911
3757
3759
3774
3836
3837
3910
3957
3965
3975
3721
3731
3737
3790
3800
3804
3824
3830
3832
3838
3845
3877
3891
3902
3938
3948
3966
3755
3830
3831
3842
3902
3926
3938
3968
3971
3891
3706
3713
3714
3722
3740
3759
3763
3793
3794
3802
3818
3822
3826
3835
3867
3869
3906
3907
3921
3924
3714
3793
3794
3803
3822
3833
3869
3870
3900
3906
3924
3730
3731
3737
3756
3785
3828
3838
3891
3913
3930
3757
3759
3774
3836
3837
3918
3957
3975
3713
3715
3722
3728
3735
3740
3753
3769
3835
3862
3867
3907
3921
3718
3719
3758
3784
3792
3794
3810
3826
3870
3881
3896
3903
3924
3951
3969
3734
3838
3938
3715
3722
3728
3735
3740
3753
3802
3835
3862
3867
3907
3921
3793
3794
3803
3822
3823
3829
3833
3869
3870
3900
3906
3924
3951
3740
3815
3835
3867
3907
3921
3799
3932
3744
3830
3758
3792
3793
3810
3822
3826
3833
3870
3896
3900
3903
3906
3924
3947
3951
3969
3758
3764
3770
3810
3895
3924
3927
3951
3749
3751
3787
3789
3802
3918
3923
3741
3756
3796
3797
3830
3858
3860
3873
3877
3938
3948
3968
3728
3740
3753
3773
3778
3802
3827
3835
3850
3862
3876
3907
3918
3921
3961
3739
3743
3819
3857
3868
3871
3874
3892
3912
3917
3738
3752
3829
3861
3909
3945
3956
3972
3745
3771
3949
3735
3740
3753
3769
3815
3835
3862
3867
3907
3921
3731
3737
3790
3800
3804
3824
3832
3913
3926
3736
3762
3785
3790
3800
3804
3824
3858
3860
3877
3884
3891
3902
3913
3926
3938
3966
3861
3954
3737
3756
3760
3788
3800
3824
3830
3841
3851
3873
3877
3884
3929
3938
3948
3962
3968
3971
3740
3753
3867
3921
3785
3830
3831
3842
3873
3938
3948
3968
3790
3800
3804
3824
3838
3858
3860
3873
3884
3930
3938
3966
3752
3754
3761
3782
3821
3829
3859
3915
3937
3945
3956
3972
3743
3819
3868
3871
3874
3892
3912
3815
3835
3862
3865
3867
3907
3921
3977
3780
3797
3830
3851
3852
3877
3938
3948
3966
3849
3861
3954
3819
3857
3868
3871
3874
3892
3912
3917
3830
3812
3949
3846
3766
3776
3783
3791
3809
3920
3933
3960
3964
3967
3751
3789
3918
3923
3756
3779
3795
3797
3830
3831
3851
3877
3884
3938
3948
3950
3968
3971
3787
3789
3923
3761
3764
3829
3915
3937
3945
3972
3773
3778
3802
3835
3850
3867
3876
3907
3921
3927
3830
3926
3971
3772
3785
3797
3800
3824
3828
3830
3841
3851
3877
3884
3886
3889
3929
3938
3943
3944
3948
3962
3968
3759
3774
3836
3837
3899
3918
3957
3975
3761
3764
3768
3777
3782
3786
3793
3810
3818
3825
3829
3833
3855
3906
3924
3937
3945
3947
3951
3969
3774
3836
3837
3918
3957
3965
3975
3830
3948
3962
3829
3915
3945
3956
3972
3800
3804
3824
3884
3902
3930
3934
3782
3793
3799
3810
3924
3767
3793
3810
3818
3821
3825
3834
3881
3895
3915
3927
3931
3972
3830
3930
3776
3791
3809
3933
3964
3782
3803
3829
3927
3958
3770
3782
3786
3793
3810
3818
3866
3906
3914
3945
3947
3778
3977
3855
3949
3956
3779
3847
3950
3968
3778
3802
3850
3836
3837
3899
3910
3918
3957
3975
3847
3895
3953
3783
3791
3809
3920
3933
3960
3964
3967
3803
3829
3827
3876
3872
3930
3938
3941
3979
3842
3851
3877
3929
3966
3971
3823
3946
3786
3793
3810
3818
3836
3866
3881
3906
3927
3931
3945
3947
3791
3809
3920
3933
3960
3793
3833
3896
3906
3947
3973
3800
3858
3860
3966
3793
3810
3822
3900
3906
3945
3947
3923
3841
3807
3918
3923
3800
3804
3824
3828
3830
3832
3838
3845
3851
3858
3860
3884
3902
3913
3926
3938
3809
3901
3920
3933
3960
3964
3967
3822
3882
3924
3951
3969
3794
3803
3810
3818
3822
3825
3826
3833
3866
3870
3896
3900
3906
3924
3931
3947
3951
3973
3976
3822
3826
3833
3855
3869
3870
3900
3903
3906
3909
3914
3924
3947
3951
3969
3830
3929
3797
3851
3950
3830
3842
3851
3872
3886
3938
3948
3962
3968
3971
3844
3848
3918
3932
3952
3804
3824
3830
3838
3851
3913
3926
3938
3943
3944
3962
3885
3921
3835
3907
3921
3821
3869
3890
3906
3824
3830
3838
3845
3858
3860
3884
3902
3913
3926
3930
3938
3916
3950
3894
3905
3963
3887
3901
3920
3933
3960
3833
3855
3881
3896
3906
3924
3947
3951
3949
3830
3864
3911
3949
3835
3867
3907
3921
3831
3842
3851
3971
3866
3896
3868
3874
3912
3917
3825
3829
3834
3878
3881
3906
3927
3931
3933
3947
3826
3833
3855
3869
3870
3896
3900
3906
3909
3924
3951
3969
3976
3927
3946
3956
3830
3831
3838
3858
3860
3873
3877
3884
3902
3913
3926
3938
3966
3843
3893
3927
3931
3833
3869
3870
3890
3896
3900
3906
3909
3924
3947
3951
3958
3969
3976
3838
3860
3938
3966
3843
3900
3915
3945
3956
3972
3831
3832
3841
3842
3851
3858
3860
3864
3873
3880
3883
3886
3898
3902
3911
3913
3918
3919
3926
3930
3943
3948
3957
3962
3966
3968
3970
3971
3842
3851
3884
3938
3968
3971
3869
3896
3900
3906
3909
3924
3947
3951
3969
3973
3976
3881
3850
3862
3867
3907
3921
3837
3893
3899
3910
3918
3957
3964
3975
3918
3957
3975
3845
3851
3852
3860
3877
3884
3891
3902
3926
3930
3934
3938
3940
3943
3944
3966
3971
3850
3851
3929
3938
3948
3950
3962
3851
3873
3877
3886
3908
3929
3938
3948
3966
3968
3971
3927
3848
3851
3891
3902
3966
3916
3953
3979
3918
3861
3904
3873
3877
3889
3938
3943
3948
3966
3968
3971
3873
3877
3886
3902
3926
3966
3971
3918
3976
3868
3917
3860
3884
3913
3926
3930
3938
3861
3870
3884
3902
3913
3930
3938
3966
3904
3954
3867
3921
3894
3911
3881
3906
3947
3907
3921
3874
3892
3912
3917
3870
3900
3906
3924
3931
3947
3896
3900
3903
3906
3924
3947
3951
3917
3888
3950
3979
3877
3886
3902
3938
3943
3948
3962
3966
3968
3971
3892
3912
3917
3887
3886
3902
3929
3930
3938
3943
3948
3962
3966
3968
3971
3903
3918
3908
3970
3898
3919
3902
3926
3930
3938
3948
3968
3971
3948
3962
3968
3971
3931
3950
3979
3938
3943
3927
3902
3916
3926
3930
3966
3912
3917
3941
3963
3903
3924
3951
3969
3976
3908
3919
3957
3906
3909
3924
3947
3951
3969
3976
3918
3933
3926
3930
3934
3938
3940
3966
3924
3951
3969
3909
3924
3931
3937
3969
3973
3976
3921
3960
3924
3931
3945
3976
3917
3915
3967
3978
3945
3956
3972
3950
3923
3957
3975
3933
3960
3964
3967
3947
3951
3969
3976
3961
3930
3934
3938
3943
3966
3968
3971
3945
3948
3934
3938
3941
3947
3960
3964
3967
3945
3943
3948
3962
3966
3968
3971
3963
3966
3948
3948
3962
3956
3972
3951
3973
3976
3962
3968
3971
3979
3958
3969
3964
3972
3975
3967
3968
3967
3971
3971
3981
3982
3983
3984
3985
3986
3987
3988
3989
3990
3991
3992
3993
3994
3995
3996
3997
3998
3999
4000
4001
4002
4003
4004
4005
4006
4007
4008
4009
4010
4011
4012
4013
4014
4015
4016
4017
4018
4019
4020
4021
4022
4023
4024
4025
4026
4027
4028
4029
4030
4031
4032
4033
4034
4035
4036
4037
4038
3994
3997
3998
4009
4018
4019
4023
3986
3988
3994
3997
3998
4003
4009
4014
4021
4023
4026
4030
4037
4017
3988
3993
3995
4004
4014
4000
4014
4017
4021
4026
4030
4033
4012
3993
3995
4021
4030
3991
4011
4013
4038
4007
4016
4025
4031
4000
4017
3995
4004
4030
3996
3997
3998
4009
4018
4019
4023
4030
4000
4004
4014
4023
4026
4002
4028
3998
4009
4018
4019
4021
4023
4030
3999
4002
4005
4009
4014
4018
4019
4021
4023
4005
4036
4017
4021
4026
4030
4033
4029
4020
4023
4027
4031
4009
4023
4030
4013
4020
4023
4030
4031
4038
4027
4016
4025
4019
4023
4030
4031
4023
4031
4038
4017
4021
4023
4030
4037
4038
4025
4021
4026
4030
4023
4030
4026
4030
4027
4030
4031
4037
4038
4026
4030
4030
4031
4034
4038
4030
4031
4032
4038
4038
