0
0
0
0
0
0
0
0
0
0
0
0
0
0
0
0
0
0
0
0
0
0
0
0
0
0
0
0
0
0
0
0
0
0
0
0
0
0
0
0
0
0
0
0
0
0
0
0
0
0
0
0
0
0
0
0
0
0
0
5
5
5
5
5
5
5
5
5
5
5
5
5
5
5
5
5
5
5
5
5
5
5
5
5
5
5
5
5
5
5
5
5
5
5
5
5
5
5
5
5
5
5
5
5
5
5
5
5
5
5
5
5
5
5
5
5
5
5
5
5
5
5
5
5
5
5
5
5
5
5
5
5
5
5
5
5
5
13
13
13
13
13
13
13
13
13
13
13
13
13
13
13
13
13
13
13
13
13
13
13
13
13
13
13
13
13
13
13
13
13
13
13
18
18
18
18
18
18
18
18
18
18
18
18
18
18
18
18
18
18
18
18
18
18
18
18
18
18
18
18
18
18
18
18
18
18
18
18
18
18
18
18
18
18
18
18
18
18
18
18
18
18
18
18
18
18
18
18
18
18
18
18
18
18
18
18
18
18
18
18
18
18
18
18
18
18
18
18
18
18
18
18
18
18
18
18
18
18
18
18
18
18
18
18
18
18
18
18
18
18
18
18
18
18
18
18
18
18
18
18
18
18
18
18
18
18
18
18
18
18
18
18
18
18
18
18
18
18
18
18
18
18
18
18
18
18
18
18
18
18
18
18
18
18
18
18
18
18
18
18
18
18
18
18
18
18
18
18
18
18
18
18
18
18
18
18
18
18
18
18
18
18
18
18
18
18
18
18
18
18
18
18
18
18
18
18
18
18
18
18
18
18
18
18
18
18
18
18
18
18
18
18
18
18
18
18
18
18
18
18
18
18
18
18
18
18
18
18
18
18
18
18
18
18
18
18
18
18
18
18
18
18
18
18
18
18
18
18
18
18
18
18
18
18
18
18
18
18
18
18
18
18
18
18
18
18
18
18
18
18
18
18
18
18
18
18
18
18
18
18
18
18
18
18
18
18
18
18
18
18
18
18
18
18
18
18
18
18
18
18
18
18
18
18
18
18
18
18
18
18
18
18
18
18
18
18
18
18
18
18
18
18
18
18
18
18
18
18
18
18
18
18
18
18
18
18
18
18
18
18
18
18
18
18
18
18
18
18
18
18
18
18
18
18
18
18
18
18
18
18
18
18
18
18
18
18
18
18
18
18
18
18
18
18
18
18
18
18
18
18
18
18
18
18
18
18
18
18
18
18
18
18
18
18
18
18
18
18
18
18
18
18
18
18
18
18
18
18
18
18
18
18
18
18
18
18
18
18
18
18
18
18
18
18
18
18
18
18
18
18
18
18
18
18
18
18
18
18
18
18
18
18
18
18
18
18
18
18
18
18
18
18
18
18
18
18
18
18
18
18
18
18
18
18
18
18
18
18
18
18
18
18
18
18
18
18
18
18
18
18
18
18
18
18
18
18
18
18
18
18
18
18
18
18
18
18
18
18
18
18
18
18
18
18
18
18
18
18
18
18
18
18
18
18
18
18
18
18
18
18
18
18
18
18
18
18
18
18
18
18
18
18
18
18
18
18
18
18
18
18
18
18
18
18
18
18
18
18
18
18
18
18
18
18
18
18
18
18
18
18
18
18
18
18
18
18
18
18
18
18
18
18
18
18
18
18
18
18
18
18
18
18
18
18
18
18
18
18
18
18
18
18
18
18
18
18
18
18
18
18
18
18
18
18
18
18
18
18
18
18
18
18
18
18
18
18
18
18
18
18
18
18
18
18
18
18
18
18
18
18
18
18
18
18
18
18
18
18
18
18
18
18
18
18
18
18
18
18
18
18
18
18
18
18
18
18
18
18
18
18
18
18
18
18
18
18
18
18
18
18
18
18
18
18
18
18
18
18
18
18
18
18
18
18
18
18
18
18
18
18
18
18
18
18
18
18
18
18
18
18
18
18
18
18
18
18
18
18
18
18
18
18
18
18
18
18
18
18
18
18
18
18
18
18
18
18
18
18
18
18
18
18
18
18
18
18
18
18
18
18
18
18
18
18
18
18
18
18
18
18
18
18
18
18
18
18
18
18
18
18
18
18
18
18
18
18
18
18
18
18
18
18
18
18
18
18
18
18
18
18
18
18
18
18
18
18
18
18
18
18
18
18
18
18
18
18
18
18
18
18
18
18
18
18
18
18
18
18
18
18
18
18
18
18
18
18
18
18
18
18
18
18
18
18
18
18
18
18
18
18
18
31
31
31
31
31
31
31
31
31
31
31
31
31
31
31
31
31
31
31
31
31
31
31
31
31
31
31
31
31
31
31
31
31
31
31
31
31
31
31
31
31
31
31
31
31
31
31
31
31
31
31
31
31
31
31
31
31
31
31
31
31
31
31
31
31
31
31
31
31
31
31
31
31
31
31
31
31
31
31
31
31
31
31
31
31
31
31
31
31
31
31
31
31
31
31
31
31
31
31
31
31
31
31
31
31
31
31
31
31
31
31
31
31
31
31
31
31
31
31
31
31
31
31
31
31
31
31
31
31
31
31
31
31
31
31
31
31
31
31
31
31
31
31
31
31
31
31
31
31
31
31
31
31
31
31
31
31
31
31
31
31
31
31
31
31
31
31
31
31
31
31
31
31
31
31
31
31
31
31
31
31
33
33
33
33
33
33
33
33
33
33
33
33
33
33
33
33
33
33
33
33
33
33
33
33
33
33
33
33
33
33
33
33
33
33
33
33
33
33
33
33
33
33
33
33
33
33
33
33
33
33
33
33
33
33
33
33
33
33
33
33
33
33
33
33
33
33
33
33
33
33
33
33
33
33
33
33
33
33
33
33
33
33
33
33
33
33
33
33
33
33
33
33
33
33
33
33
33
33
33
33
33
33
33
33
33
33
33
33
33
33
33
33
33
33
33
33
33
33
33
33
33
33
33
33
33
33
33
33
33
33
33
33
33
33
33
33
33
33
33
33
33
33
33
33
33
33
33
33
33
33
33
33
33
33
33
33
33
33
33
33
33
33
33
33
33
33
33
33
33
33
33
33
33
33
33
33
33
33
33
33
33
33
33
33
33
33
33
33
33
33
33
33
33
33
33
33
33
33
33
33
33
33
33
33
33
33
33
33
33
33
33
33
33
33
33
33
33
33
33
33
33
33
33
33
33
33
33
33
33
33
33
33
33
33
45
45
45
45
45
45
45
45
45
45
45
45
45
45
49
49
49
49
49
49
49
49
49
49
49
49
49
49
49
49
49
49
49
49
49
49
49
49
49
49
49
49
49
49
49
54
54
54
54
54
54
54
54
54
54
54
54
54
54
54
57
57
57
57
57
57
57
57
57
57
57
57
57
57
57
57
57
57
57
57
57
57
57
57
57
57
57
57
57
57
57
57
57
57
57
57
57
57
57
57
79
79
79
79
79
79
79
79
79
79
79
79
79
79
79
79
79
79
79
79
79
79
79
79
79
79
79
79
79
88
88
88
88
88
88
88
88
88
88
88
88
88
88
88
88
88
88
88
88
88
88
88
88
88
88
88
88
88
88
88
88
88
88
88
88
88
88
88
88
88
88
88
92
92
92
92
92
92
92
92
92
92
92
92
92
92
92
92
92
92
92
92
92
92
92
92
92
92
92
92
92
92
92
92
92
92
92
92
92
92
92
92
92
92
92
92
92
92
92
92
92
92
92
92
92
92
92
92
92
92
92
92
92
92
92
92
92
102
102
102
102
102
102
102
102
102
102
102
102
102
102
110
110
110
110
110
110
110
110
110
110
121
121
121
121
121
121
121
121
121
121
121
121
121
121
121
121
121
121
721
721
721
721
721
721
721
721
721
721
721
721
721
721
721
721
721
721
721
721
721
721
721
721
721
721
721
721
721
721
721
721
721
721
725
725
725
725
725
725
725
725
731
731
731
731
731
731
731
731
731
731
731
731
731
731
731
731
731
731
731
731
731
731
731
731
731
731
731
731
731
731
731
731
737
737
737
737
737
737
737
737
737
737
737
737
737
737
737
737
737
737
737
737
737
737
737
737
737
737
737
737
737
737
737
737
737
737
737
737
737
737
737
737
737
737
737
737
737
737
737
737
737
737
737
737
737
737
737
737
737
737
737
737
737
737
737
737
737
737
737
737
737
737
737
737
737
737
737
737
737
737
737
737
737
737
737
737
737
737
737
737
737
737
737
737
737
737
737
737
737
737
737
737
737
737
737
737
737
737
737
737
737
737
737
737
737
737
737
737
737
737
737
737
737
737
737
737
737
737
737
737
737
737
737
737
737
737
737
737
737
737
737
737
737
737
737
737
737
737
737
737
737
737
737
737
737
737
766
766
775
775
777
781
784
794
797
806
806
809
809
812
814
821
822
826
826
830
833
833
833
841
842
842
846
849
851
854
854
858
859
863
866
869
871
871
873
884
884
887
891
894
895
901
906
907
908
908
912
915
918
919
921
921
926
926
927
930
941
949
950
950
952
952
952
955
963
964
964
968
972
976
979
979
980
980
981
989
990
994
994
1003
1003
1006
1014
1018
1022
1031
1033
1035
1043
1046
1054
1059
1059
1064
1066
1072
1072
1072
1073
1073
1075
1075
1081
1081
1083
1083
1090
1090
1099
1104
1104
1110
1114
1116
1120
1121
1125
1129
1129
1129
1129
1131
1135
1138
1140
1141
1145
1149
1149
1152
1153
1160
1160
1161
1164
1165
1168
1170
1175
1175
1178
1178
1180
1184
1184
1194
1195
1198
1201
1201
1202
1203
1206
1209
1210
1214
1217
1221
1225
1226
1227
1228
1232
1232
1233
1238
1239
1242
1243
1243
1247
1251
1255
1255
1259
1260
1260
1264
1264
1267
1267
1275
1276
1276
1276
1277
1280
1284
1288
1288
1288
1290
1293
1295
1296
1301
1304
1304
1304
1307
1315
1319
1323
1324
1324
1327
1329
1333
1337
1340
1341
1343
1346
1348
1349
1352
1354
1358
1360
1363
1365
1365
1369
1373
1376
1378
1382
1384
1388
1392
1393
1393
1396
1399
1403
1405
1405
1408
1412
1414
1415
1419
1419
1424
1425
1427
1427
1429
1430
1431
1431
1431
1431
1434
1435
1445
1448
1448
1451
1452
1455
1455
1455
1457
1461
1463
1464
1467
1471
1471
1471
1476
1480
1482
1485
1489
1496
1497
1500
1500
1503
1504
1505
1510
1514
1516
1524
1526
1526
1526
1530
1531
1531
1534
1535
1538
1540
1542
1542
1542
1545
1545
1549
1549
1553
1555
1557
1562
1565
1571
1572
1572
1573
1577
1577
1577
1581
1586
1586
1587
1588
1591
1591
1592
1596
1598
1600
1601
1605
1605
1608
1611
1612
1612
1615
1616
1616
1619
1621
1622
1622
1625
1626
1628
1629
1632
1632
1632
1632
1632
1636
1638
1644
1644
1646
1649
1651
1653
1654
1657
1661
1662
1665
1667
1669
1669
1674
1678
1687
1687
1687
1687
1687
1692
1696
1696
1700
1700
1702
1705
1706
1710
1711
1714
1716
1716
1719
1719
1720
1720
1723
1725
1729
1733
1733
1734
1734
1737
1737
1739
1739
1740
1743
1746
1747
1747
1749
1751
1755
1757
1761
1764
1768
1769
1770
1773
1777
1781
1784
1784
1788
1792
1794
1798
1802
1803
1805
1806
1809
1810
1817
1822
1826
1827
1827
1830
1832
1833
1837
1838
1842
1843
1843
1847
1847
1848
1850
1854
1864
1872
1873
1874
1876
1880
1884
1884
1885
1886
1889
1889
1891
1893
1900
1901
1901
1905
1905
1906
1911
1911
1914
1914
1914
1914
1915
1915
1916
1916
1918
1921
1922
1923
1926
1928
1928
1929
1929
1929
1932
1933
1933
1935
1939
1943
1947
1947
1948
1948
1950
1951
1954
1956
1959
1963
1966
1967
1967
1970
1972
1975
1976
1976
1980
1981
1983
1983
1983
1984
1985
1987
1990
1990
1992
1992
1993
1993
1993
1994
1995
1997
2001
2010
2011
2012
2013
2016
2017
2018
2018
2018
2018
2018
2021
2024
2027
2030
2031
2035
2039
2041
2042
2043
2044
2047
2047
2050
2053
2054
2055
2057
2057
2059
2060
2061
2063
2063
2067
2067
2069
2073
2074
2074
2075
2078
2079
2083
2087
2088
2094
2097
2097
2098
2099
2100
2104
2106
2108
2108
2111
2112
2112
2116
2117
2120
2124
2127
2129
2130
2130
2131
2134
2134
2135
2137
2140
2144
2144
2144
2144
2147
2150
2150
2150
2150
2150
2150
2152
2156
2157
2157
2157
2159
2166
2168
2171
2171
2174
2180
2180
2180
2183
2183
2183
2185
2187
2190
2192
2195
2197
2201
2202
2205
2206
2210
2214
2217
2218
2220
2224
2224
2224
2227
2227
2227
2227
2227
2227
2228
2228
2230
2230
2230
2234
2236
2236
2236
2238
2246
2246
2253
2257
2257
2260
2262
2266
2268
2271
2275
2276
2276
2276
2279
2284
2285
2288
2292
2296
2297
2301
2303
2305
2309
2310
2311
2313
2316
2316
2316
2318
2322
2324
2327
2327
2330
2338
2338
2339
2341
2345
2349
2355
2364
2365
2368
2371
2372
2372
2379
2379
2379
2383
2384
2387
2390
2395
2396
2399
2400
2400
2406
2407
2410
2413
2413
2413
2413
2413
2413
2414
2414
2414
2417
2419
2420
2420
2485
2512
2533
2605
2639
2691
2705
2728
2810
2820
2825
2848
2870
2918
2945
3014
3022
3026
3106
3150
3187
3199
3257
3277
3284
3302
3316
3323
3373
3395
3397
3400
3408
3481
3490
3504
3513
3568
3573
3584
3598
3612
3619
3619
3636
3687
3698
3719
3728
3737
3761
3788
3808
3809
3832
3898
3941
3965
4025
4059
4063
4064
4070
4117
4120
4134
4144
4164
4210
4273
4296
4302
4318
4337
4349
4352
4365
4427
4445
4445
4492
4569
4604
4612
4635
4646
4654
4703
4742
4809
4832
4836
4866
4956
5022
5053
5111
5142
5157
5161
5173
5182
5224
5234
5263
5272
5274
5290
5298
5322
5330
5346
5384
5389
5406
5410
5467
5523
5534
5570
5607
5674
5693
5708
5731
5796
5822
5822
5835
5839
5848
5849
5908
5920
5933
5964
5977
5977
5983
6038
6044
6049
6064
6067
6074
6103
6116
6117
6126
6162
6164
6173
6187
6187
6224
6230
6233
6236
6244
6252
6258
6263
6282
6285
6297
6300
6349
6390
6406
6416
6425
6440
6485
6487
6511
6525
6531
6532
6615
6634
6651
6651
6666
6682
6693
6706
6714
6724
6764
6789
6800
6807
6836
6854
6855
6864
6865
6873
6880
6882
6888
6930
6980
7020
7038
7086
7132
7141
7170
7183
7203
7248
7291
7313
7335
7341
7407
7414
7419
7458
7477
7482
7487
7490
7490
7496
7518
7525
7530
7577
7589
7604
7605
7632
7635
7653
7684
7686
7688
7694
7726
7731
7733
7764
7801
7850
7866
7878
7914
7953
7986
8009
8044
8063
8107
8147
8152
8163
8193
8219
8238
8239
8242
8258
8291
8292
8333
8369
8387
8391
8412
8428
8439
8448
8457
8482
8508
8516
8545
8566
8569
8572
8598
8637
8656
8679
8690
8696
8708
8734
8782
8783
8795
8799
8813
8847
8853
8868
8871
8904
8907
8911
8914
8921
8928
8967
8973
8979
8997
9019
9019
9020
9053
9067
9068
9080
9092
9101
9104
9104
9115
9116
9127
9135
9152
9182
9198
9217
9239
9244
9268
9294
9316
9333
9339
9350
9356
9357
9366
9393
9406
9435
9435
9443
9465
9465
9472
9472
9480
9490
9502
9506
9516
9525
9526
9537
9558
9570
9593
9602
9620
9642
9649
9655
9673
9698
9716
9719
9730
9733
9733
9742
9766
9779
9808
9818
9818
9847
9853
9867
9876
9882
9886
9888
9889
9901
9910
9914
9938
9941
9969
9979
9985
10003
10006
10022
10025
10028
10028
10051
10052
10060
10062
10074
10084
10089
10094
10099
10105
10124
10124
10137
10146
10148
10150
10172
10189
10204
10209
10213
10217
10246
10248
10262
10269
10279
10289
10291
10305
10322
10322
10326
10330
10332
10336
10346
10357
10366
10367
10376
10406
10419
10424
10431
10436
10451
10460
10465
10468
10470
10483
10485
10498
10504
10518
10539
10548
10554
10562
10577
10577
10580
10586
10592
10592
10593
10594
10594
10597
10597
10600
10617
10618
10618
10621
10632
10641
10645
10648
10661
10664
10671
10672
10676
10686
10694
10694
10697
10704
10717
10718
10732
10733
10747
10747
10750
10750
10756
10757
10759
10762
10770
10773
10773
10773
10776
10781
10787
10793
10796
10798
10807
10809
10813
10815
10820
10826
10828
10836
10838
10839
10844
10844
10848
10851
10854
10860
10869
10872
10874
10879
10880
10881
10884
10887
10892
10894
10902
10903
10905
10910
10911
10916
10916
10918
10922
10926
10927
10929
10930
10931
10932
10934
10939
10941
10941
10941
10941
10944
10945
10947
10948
10950
10954
10954
10955
10955
10955
10956
10956
10956
10959
10961
10962
10962
10964
10964
10965
10968
10970
10970
10970
10970
10971
10971
10971
10972
10972
10972
10972
10972
10972
10974
10974
10975
10975
10975
10975
10975
10975
10975
10975
10975
10975
10975
10975
10975
10975
10975
10975
10975
10975
10975
10975
10975
10975
10975
10975
10975
10975
10975
10975
10975
10975
10975
10975
10975
10975
10975
10975
10975
10975
10975
10975
10975
10975
10975
10975
10975
10975
10975
10975
10975
10975
10975
10975
10975
10975
10975
10975
10975
10975
10975
10975
10975
10975
10975
10975
10975
10975
10975
10975
10975
10975
10975
10975
10975
10975
10975
10975
10975
10975
10975
10975
10975
10975
10975
10975
10975
10975
10975
10975
10975
10975
10975
10975
10975
10975
10975
10975
10975
10975
10975
10975
10975
10975
10975
10975
10975
10975
10975
10975
10975
10975
10975
10975
10975
10975
10975
10975
10975
10975
10975
10975
10975
10975
10975
10975
10975
10975
10975
10975
10975
10975
10975
10975
10975
10975
10975
10975
10975
10975
10975
10975
10975
10975
10975
10975
10975
10975
10975
10975
10975
10975
10975
10975
10975
10975
10975
10975
10975
10975
10975
10975
10975
10975
10975
10975
10975
10975
10975
10975
10975
10975
10975
10975
10975
10975
10975
10975
10975
10975
10975
10975
10975
10975
10975
10975
10975
10975
10975
10975
10975
10975
10975
10975
10975
10975
10975
10975
10975
10975
10975
10975
10975
10975
10975
10975
10975
10975
10975
10975
10975
10975
10975
10975
10975
10975
10975
10975
10975
10975
10975
10975
10975
10975
10975
10975
10975
10975
10975
10975
10975
10975
10975
10975
10975
10975
10975
10975
10975
10975
10975
10975
10975
10975
10975
10975
10975
10975
10975
10975
10975
10975
10975
10975
10975
10975
10975
10975
10975
10975
10975
10975
10975
10975
10975
10975
10975
10975
10975
10975
10975
10975
10975
10975
10975
10975
10975
10975
10975
10975
10975
10975
10975
10975
10975
10975
10975
10975
10975
10975
10975
10975
10975
10975
10975
10975
10975
10975
10975
10975
10975
10975
10975
10975
10975
10975
10975
10975
10975
10975
10975
10975
10975
10975
10975
10975
10975
10975
10975
10975
10975
10975
10975
10975
10975
10975
10975
10975
10975
10975
10975
10975
10975
10975
10975
10975
10975
10975
10975
10975
10975
10975
10975
10975
10975
10975
10975
10975
10975
10975
10975
10975
10975
10975
10975
10975
10975
10975
10975
10975
10975
10975
10975
10975
10975
10975
10975
10975
10975
10975
10975
10975
10975
10975
10975
10975
10975
10975
10975
10975
10975
10975
10975
10975
10975
10975
10975
10975
10975
10975
10975
10975
10975
10975
10975
10975
10975
10975
10975
10975
10975
10975
10975
10975
10975
10975
10975
10975
10975
10975
10975
10975
10975
10975
10975
10975
10975
10975
10975
10975
10975
10975
10975
10975
10975
10975
10975
10975
10975
10975
10975
10975
10975
10975
10975
10975
10975
10975
10975
10975
10975
10975
10975
10975
10975
10975
10975
10975
10975
10975
10975
10975
10975
10975
10975
10975
10975
10975
10975
10975
10975
10975
10975
10975
10975
10975
10975
10975
10975
10975
10975
10975
10975
10975
10975
10975
10975
10975
10975
10975
10975
10975
10975
10975
10975
10975
10975
10975
10975
10975
10975
10975
10975
10975
10975
10975
10975
10975
10975
10975
10975
10975
10975
10975
10975
10975
10975
10975
10975
10975
10975
10975
10975
10975
10975
10975
10975
10975
10975
10975
10975
10975
10975
10975
10975
10975
10975
10975
10975
10975
10975
10975
10975
10975
10975
10975
10975
10975
10975
10975
10975
10975
10975
10975
10975
10975
10975
10975
10975
10975
10975
10975
10975
10975
10975
10975
10975
10975
10975
10975
10975
10975
10975
10975
10975
10975
10975
10975
10975
10975
10975
10975
10975
10975
10975
10975
10975
10975
10975
10975
10975
10975
10975
10975
10975
10975
10975
10975
10975
10975
10975
10975
10975
10975
10975
10975
10975
10975
10975
10975
10975
10975
10975
10975
10975
10975
10975
10975
10975
10975
10975
10975
10975
10975
10975
10975
10975
10975
10975
10975
10975
10975
10975
10975
10975
10975
10975
10975
10975
10975
10975
10975
10975
10975
10975
10975
10975
10975
10975
10975
10975
10975
10975
10975
10975
10975
10975
10975
10975
10975
10975
10975
10975
10975
10975
10975
10975
10975
10975
10975
10975
10975
10975
10975
10975
10975
10975
10975
10975
10975
10975
10975
10975
10975
10975
10975
10975
10975
10975
10975
10975
10975
10975
10975
10975
10975
10975
10975
10975
10975
10975
10975
10975
10975
10975
10975
10975
10975
10975
10975
10975
10975
10975
10975
10975
10975
10975
10975
10975
10975
10975
10975
10975
10975
10975
10975
10975
10975
10975
10975
10975
10975
10975
10975
10975
10975
10975
10975
10975
10975
10975
10975
10975
10975
10975
10975
10975
10975
10975
10975
10975
10975
10975
10975
10975
10975
10975
10975
10975
10975
10975
10975
10975
10975
10975
10975
10975
10975
10975
10975
10975
10975
10975
10975
10975
10975
10975
10975
10975
10975
10975
10975
10975
10975
10975
10975
10975
10975
10975
10975
10975
10975
10975
10975
10975
10975
