0
378
1835
2119
2244
2321
2456
3141
3536
3638
4380
4402
4402
4421
4421
4421
4458
4481
4482
4508
4535
4589
4692
4933
4933
5016
5024
5145
5155
5325
5325
5326
5393
5393
5394
5413
5417
5418
5419
5458
5463
5463
5675
5680
5692
5692
5697
5698
5783
5793
5813
5815
5889
5945
5956
5974
5976
6013
6030
6038
6061
6186
6198
6247
6307
6344
6391
6393
6437
6444
6444
6449
6449
6453
6453
6453
6453
6486
6501
6501
6501
6501
6502
6507
6507
6507
6510
6535
6541
6543
6543
6544
6545
6551
6553
6554
6554
6554
6555
6556
6557
6567
6579
6591
6591
6591
6597
6598
6600
6602
6603
6613
6615
6616
6616
6617
6617
6618
6631
6640
6648
6648
6650
6650
6651
6651
6652
6654
6654
6654
6671
6673
6698
6705
6707
6709
6712
6712
6713
6714
6714
6714
6714
6714
6714
6715
6716
6718
6718
6720
6720
6721
6721
6722
6723
6727
6729
6730
6731
6733
6734
6736
6738
6739
6740
6744
6746
6747
6747
6747
6747
6749
6751
6752
6758
6758
6758
6764
6765
6766
6766
6799
6799
6801
6803
6803
6803
6805
6805
6805
6805
6805
6807
6809
6809
6809
6809
6815
6815
6815
6820
6821
6822
6823
6823
6823
6823
6823
6832
6832
6833
6833
6837
6837
6837
6838
6838
6842
6844
6844
6851
6852
6853
6853
6853
6853
6853
6854
6854
6855
6855
6855
6855
6855
6857
6857
6858
6858
6858
6858
6858
6858
6871
6879
6881
6882
6886
6891
6897
6937
6937
6938
6939
6940
6941
6941
6941
6942
6949
6949
6949
6950
6950
6950
6951
6952
6952
6952
6952
6952
6952
6952
6953
6953
6953
6953
6954
6955
6955
6955
6955
6957
6957
6958
6958
6958
6958
6958
6958
6958
6958
6958
6958
6958
6958
6958
6958
6958
6958
6959
6960
6960
6960
6960
6961
6961
6961
6961
6961
6961
6961
6961
6961
6961
6961
6961
6962
6962
6962
6962
6962
6962
6963
6963
6963
6963
6963
6963
6963
6963
6963
6963
6963
6963
6963
6963
6963
6964
6964
6964
6964
6965
6965
6965
6965
6965
6965
6965
6965
6965
6965
6965
6965
6965
6965
6965
6965
6965
6965
6965
6965
6965
6965
6965
6966
6966
6967
6967
6967
6967
6967
6967
6968
6969
6969
6969
6969
6969
6969
6969
6970
6970
7024
7024
7033
7064
7064
7068
7070
7078
7083
7084
7090
7092
7132
7154
7155
7155
7155
7155
7155
7156
7156
7156
7158
7158
7158
7159
7165
7167
7171
7175
7175
7176
7178
7178
7178
7179
7180
7180
7182
7188
7188
7190
7221
7221
7221
7221
7221
7221
7222
7222
7222
7222
7222
7223
7223
7226
7248
7297
7305
7306
7313
7314
7315
7315
7315
7319
7319
7319
7320
7329
7329
7329
7330
7331
7331
7413
7413
7413
7414
7414
7414
7417
7417
7417
7417
7417
7417
7420
7438
7438
7438
7440
7441
7441
7564
7625
7625
7625
7625
7625
7625
7625
7634
7634
7634
7634
7634
7634
7642
7654
7672
7672
7672
7672
7673
7673
7673
7673
7673
7673
7673
7673
7675
7676
7676
7676
7676
7676
7676
7678
7679
7679
7679
7679
7680
7680
7680
7682
7682
7683
7683
7684
7684
7684
7684
7688
7688
7689
7689
7689
7689
7689
7689
7695
7701
7727
7738
7741
7757
7777
7778
7779
7779
7779
7779
7781
7804
7804
7812
7928
8021
8036
8036
8036
8036
8036
8036
8036
8036
8036
8038
8056
8070
8070
8072
8072
8072
8072
8072
8078
8078
8078
8078
8078
8078
8078
8078
8078
8096
8096
8096
8096
8096
8097
8100
8100
8100
8100
8102
8102
8102
8102
8102
8103
8104
8104
8104
8105
8105
8126
8126
8126
8126
8127
8127
8127
8128
8128
8128
8129
8130
8130
8130
8130
8130
8130
8130
8130
8130
8131
8131
8132
8132
8134
8136
8138
8139
8139
8206
8209
8251
8251
8251
8251
8254
8254
8254
8254
8254
8254
8254
8254
8254
8254
8254
8254
8254
8254
8254
8254
8255
8255
8272
8272
8272
8272
8273
8274
8276
8277
8281
8285
8296
8296
8296
8296
8296
8297
8297
8298
8298
8298
8302
8302
8303
8303
8303
8303
8303
8303
8303
8303
8303
8303
8305
8306
8306
8307
8308
8308
8308
8308
8308
8309
8309
8310
8310
8310
8311
8314
8315
8315
8315
8315
8315
8315
8315
8315
8316
8316
8316
8316
8316
8316
8316
8317
8317
8317
8317
8317
8317
8318
8319
8320
8320
8320
8320
8320
8320
8320
8320
8320
8323
8323
8323
8323
8324
8324
8325
8325
8325
8325
8325
8325
8325
8325
8325
8326
8326
8327
8327
8327
8327
8327
8327
8329
8329
8329
8329
8329
8330
8330
8330
8330
8330
8330
8330
8330
8330
8330
8332
8332
8332
8332
8332
8332
8332
8332
8332
8332
8332
8332
8333
8333
8333
8333
8333
8334
8335
8335
8336
8336
8337
8337
8337
8339
8339
8339
8339
8339
8408
8408
8409
8409
8409
8409
8409
8409
8409
8409
8409
8409
8409
8409
8409
8411
8424
8424
8434
8455
8455
8456
8456
8456
8457
8457
8457
8457
8471
8471
8471
8471
8471
8472
8472
8479
8479
8479
8479
8479
8479
8482
8506
8511
8522
8522
8546
8564
8564
8564
8564
8565
8565
8568
8568
8608
8670
8673
8685
8693
8701
8711
8721
8746
8750
8754
8756
8791
8792
8792
8794
8795
8795
8805
8805
8835
8838
8842
8842
8842
8842
8843
8849
8850
8854
8854
8855
8855
8855
8857
8858
8895
8896
8897
8897
8897
8897
8897
8912
8927
8967
8991
9009
9021
9021
9023
9023
9023
9023
9023
9023
9025
9026
9032
9032
9033
9035
9036
9036
9039
9043
9064
9084
9084
9084
9088
9090
9094
9094
9103
9104
9106
9108
9108
9108
9109
9112
9131
9131
9132
9135
9136
9138
9139
9139
9143
9143
9143
9143
9145
9145
9145
9145
9147
9148
9148
9148
9149
9157
9158
9158
9158
9158
9158
9158
9158
9158
9158
9158
9158
9159
9169
9169
9169
9170
9171
9171
9172
9172
9172
9173
9174
9176
9176
9176
9176
9176
9181
9181
9181
9181
9181
9182
9183
9226
9226
9226
9226
9226
9240
9241
9241
9244
9247
9247
9248
9250
9254
9256
9257
9257
9259
9262
9263
9265
9266
9267
9267
9269
9270
9270
9271
9272
9272
9273
9273
9273
9274
9274
9274
9275
9434
9434
9434
9434
9434
9434
9434
9434
9435
9437
9438
9442
9444
9461
9474
9474
9474
9476
9505
9505
9505
9507
9510
9510
9510
9510
9510
9511
9511
9514
9514
9514
9514
9514
9520
9520
9521
9521
9521
9521
9521
9521
9521
9521
9521
9521
9521
9531
9531
9531
9531
9534
9534
9538
9543
9543
9543
9543
9548
9557
9592
9593
9593
9593
9594
9596
9598
9598
9598
9599
9602
9609
9612
9612
9612
9612
9650
9650
9650
9652
9700
9701
9701
9703
9706
9723
9746
9751
9755
9786
9786
9786
9786
9786
9786
9786
9786
9786
9786
9786
9786
9786
9786
9786
9786
9790
9790
9792
9792
9792
9792
9792
9792
9792
9792
9792
9792
9792
9792
9793
9793
9793
9793
9793
9793
9793
9793
9793
9793
9793
9793
9793
9793
9793
9794
9794
9794
9794
9794
9794
9794
9795
9795
9795
9795
9795
9795
9795
9795
9795
9795
9795
9795
9795
9795
9795
9795
9796
9796
9796
9796
9796
9796
9797
9826
9828
9828
9828
9828
9829
9829
9829
9830
9830
9830
9830
9830
9830
9831
9832
9832
9833
9833
9834
9834
9835
9835
9835
9835
9836
9836
9836
9836
9836
9837
9837
9837
9837
9837
9838
9839
9839
9839
9839
9839
9839
9839
9839
9839
9839
9839
9839
9839
9839
9839
9839
9840
9840
9840
9840
9840
9840
9840
9840
9840
9840
9840
9840
9842
9842
9842
9842
9842
9842
9842
9842
9842
9842
9842
9842
9844
9847
9848
9848
9848
9850
9851
9851
9851
9851
9851
9852
9854
9878
9880
9882
9886
9886
9888
9895
9896
9896
9896
9911
9913
9913
9913
9913
9913
9915
9915
9915
9915
9918
9918
9918
9918
9919
9919
9927
9929
9929
9929
9930
9931
9931
9934
9934
9934
9934
9934
9934
9934
9934
9938
9939
9939
9939
9940
9940
9942
9942
9944
9946
9947
9951
9955
9962
9963
9963
9963
9963
9963
9963
9975
9975
9975
9976
9976
9976
9976
9976
9976
9976
9977
9977
9978
9978
9979
9980
9985
9985
9985
9985
9985
9985
9985
9985
9985
9987
9990
9990
9997
9997
9997
9997
9997
9997
9997
9997
10000
10004
10010
10011
10011
10011
10011
10012
10014
10015
10015
10015
10015
10017
10018
10022
10024
10024
10024
10030
10030
10045
10045
10046
10046
10046
10047
10048
10048
10048
10048
10049
10049
10049
10049
10049
10100
10101
10101
10101
10101
10103
10110
10110
10110
10110
10110
10110
10110
10111
10112
10112
10112
10112
10112
10112
10112
10112
10112
10113
10113
10113
10113
10113
10113
10114
10114
10114
10114
10114
10114
10114
10114
10114
10114
10114
10115
10115
10115
10115
10115
10115
10115
10115
10115
10115
10115
10115
10117
10117
10117
10117
10117
10117
10117
10117
10118
10118
10118
10120
10120
10121
10121
10122
10123
10123
10123
10123
10126
10126
10126
10126
10126
10126
10126
10128
10128
10128
10135
10135
10135
10136
10136
10137
10138
10138
10138
10138
10144
10144
10144
10144
10144
10145
10145
10146
10146
10146
10146
10146
10146
10147
10147
10147
10147
10148
10148
10148
10148
10148
10148
10148
10148
10149
10149
10150
10150
10150
10150
10150
10150
10153
10153
10153
10153
10153
10153
10153
10154
10154
10154
10154
10155
10155
10156
10159
10197
10199
10199
10200
10202
10202
10204
10208
10209
10213
10214
10214
10217
10218
10219
10222
10224
10224
10227
10227
10227
10227
10227
10227
10227
10227
10227
10227
10227
10227
10228
10228
10228
10228
10228
10228
10228
10228
10229
10229
10229
10229
10230
10230
10230
10230
10230
10231
10231
10231
10231
10231
10231
10231
10231
10232
10232
10232
10232
10232
10232
10232
10232
10232
10232
10232
10232
10232
10232
10232
10232
10232
10234
10234
10234
10234
10234
10234
10234
10234
10234
10235
10235
10237
10237
10238
10238
10238
10238
10238
10238
10238
10238
10238
10238
10238
10238
10238
10238
10238
10238
10238
10238
10238
10238
10238
10238
10239
10239
10239
10239
10239
10239
10239
10240
10241
10242
10242
10242
10242
10242
10242
10242
10242
10242
10242
10242
10242
10242
10242
10242
10242
10242
10242
10242
10242
10242
10242
10242
10242
10242
10242
10242
10242
10242
10242
10242
10242
10242
10242
10242
10242
10242
10242
10242
10242
10242
10242
10242
10242
10243
10243
10252
10253
10253
10253
10253
10253
10253
10255
10263
10268
10273
10274
10275
10275
10276
10276
10276
10276
10276
10279
10281
10285
10285
10285
10285
10285
10286
10286
10286
10286
10286
10286
10286
10286
10286
10286
10287
10287
10287
10287
10287
10287
10287
10287
10288
10288
10288
10288
10288
10288
10288
10288
10288
10288
10288
10288
10288
10288
10288
10288
10288
10288
10288
10288
10288
10288
10288
10289
10289
10289
10289
10289
10289
10289
10289
10289
10289
10289
10289
10289
10289
10289
10289
10289
10289
10289
10289
10289
10289
10289
10289
10289
10289
10289
10291
10291
10291
10291
10291
10291
10291
10291
10291
10291
10291
10291
10291
10291
10291
10291
10291
10291
10291
10293
10293
10293
10293
10293
10293
10293
10293
10293
10293
10293
10293
10293
10293
10293
10293
10293
10293
10293
10293
10293
10293
10293
10293
10293
10293
10294
10294
10294
10294
10294
10294
10294
10294
10294
10294
10294
10295
10295
10295
10295
10296
10296
10296
10296
10296
10296
10296
10296
10296
10296
10296
10296
10296
10296
10296
10296
10296
10296
10296
10296
10297
10297
10297
10297
10297
10297
10297
10297
10297
10297
10297
10297
10297
10299
10299
10299
10299
10299
10299
10299
10299
10299
10299
10299
10299
10300
10300
10301
10301
10301
10301
10301
10301
10301
10302
10302
10302
10302
10302
10302
10302
10302
10302
10302
10302
10302
10302
10302
10302
10302
10302
10302
10302
10302
10302
10302
10302
10302
10302
10303
10303
10303
10303
10303
10303
10304
10304
10304
10304
10305
10305
10305
10305
10305
10305
10306
10306
10306
10306
10306
10306
10306
10306
10306
10306
10306
10306
10306
10306
10306
10306
10306
10307
10307
10307
10307
10308
10308
10308
10308
10308
10308
10308
10308
10309
10309
10309
10309
10309
10309
10309
10309
10309
10309
10309
10309
10309
10309
10309
10309
10309
10309
10309
10309
10309
10309
10309
10309
10309
10309
10309
10309
10309
10309
10309
10309
10309
10309
10309
10309
10309
10309
10309
10309
10309
10309
10309
10309
10309
10309
10309
10309
10309
10309
10309
10309
10309
10309
10309
10309
10309
10309
10309
10309
10309
10309
10309
10309
10309
10309
10309
10309
10309
10309
10309
10309
10309
10309
10309
10309
10309
10309
10309
10309
10309
10309
10309
10309
10309
10309
10309
10309
10309
10309
10309
10309
10309
10309
10309
10309
10309
10309
10309
10309
10309
10309
10309
10309
10309
10309
10309
10309
10310
10310
10310
10311
10311
10311
10311
10311
10311
10311
10311
10311
10311
10311
10311
10311
10311
10311
10311
10311
10311
10311
10311
10311
10311
10313
10313
10313
10313
10313
10313
10313
10313
10313
10313
10313
10313
10314
10316
10316
10316
10316
10316
10316
10316
10316
10316
10316
10316
10316
10316
10316
10317
10317
10317
10317
10317
10317
10317
10317
10317
10317
10317
10317
10317
10317
10317
10318
10318
10318
10318
10318
10318
10318
10318
10351
10354
10390
10393
10393
10393
10406
10411
10412
10426
10432
10432
10436
10462
10468
10483
10490
10491
10503
10503
10505
10531
10534
10558
10558
10581
10581
10581
10581
10583
10587
10587
10587
10587
10587
10587
10587
10610
10610
10618
10618
10619
10619
10619
10619
10619
10619
10619
10620
10621
10621
10621
10621
10622
10622
10623
10623
10623
10624
10624
10624
10624
10625
10625
10626
10626
10626
10628
10628
10628
10629
10630
10632
10632
10632
10632
10633
10633
10633
10635
10635
10635
10635
10635
10636
10636
10637
10649
10649
10649
10649
10649
10649
10649
10649
10649
10649
10649
10649
10649
10649
10649
10649
10649
10650
10650
10651
10651
10651
10653
10654
10655
10655
10655
10655
10655
10656
10656
10656
10656
10656
10656
10656
10656
10656
10656
10657
10657
10657
10657
10657
10657
10663
10663
10665
10665
10665
10665
10665
10666
10667
10667
10667
10667
10667
10667
10667
10669
10669
10669
10669
10669
10669
10669
10669
10670
10670
10670
10670
10670
10671
10671
10671
10671
10671
10671
10671
10671
10671
10671
10671
10671
10671
10671
10671
10671
10671
10671
10671
10671
10671
10671
10671
10671
10671
10671
10671
10672
10673
10673
10673
10673
10673
10673
10673
10673
10673
10673
10673
10673
10673
10673
10673
10673
10673
10673
10673
10673
10673
10675
10675
10675
10675
10675
10675
10675
10676
10676
10676
10676
10682
10682
10682
10682
10691
10691
10718
10718
10718
10718
10718
10733
10733
10740
10740
10742
10742
10745
10746
10747
10747
10752
10752
10752
10752
10753
10753
10754
10754
10754
10754
10754
10754
10754
10756
10756
10757
10758
10758
10759
10759
10759
10759
10759
10759
10759
10759
10759
10759
10759
10760
10761
10761
10761
10761
10761
10761
10762
10762
10763
10763
10763
10764
10773
10773
10773
10773
10773
10773
10774
10774
10774
10774
10774
10774
10774
10774
10774
10775
10775
10775
10775
10776
10776
10776
10776
10776
10776
10783
10783
10825
10825
10825
10825
10826
10826
10826
10826
10826
10826
10826
10827
10828
10829
10830
10831
10831
10831
10831
10831
10831
10833
10835
10835
10835
10836
10836
10836
10836
10836
10836
10837
10837
10837
10837
10837
10837
10837
10837
10837
10838
10839
10839
10840
10840
10841
10841
10842
10842
10842
10842
10842
10842
10844
10844
10844
10844
10844
10845
10845
10845
10845
10845
10845
10846
10846
10846
10846
10846
10846
10846
10846
10849
10850
10853
10854
10855
10855
10855
10855
10855
10855
10856
10856
10860
10860
10860
10860
10860
10861
10861
10861
10861
10861
10862
10863
10863
10864
10867
10880
10882
10885
10897
10904
10904
10904
10905
10905
10906
10906
10906
10909
10909
10913
10915
10917
10917
10922
10922
10966
10968
10968
10968
10972
10973
10973
10974
10974
10974
10975
10975
10975
10979
10979
10979
10982
10984
10984
10985
10986
10986
10986
10987
10987
11005
11006
11008
11008
11008
11008
11008
11008
11008
11008
11008
11008
11008
11008
11013
11013
11013
11013
11013
11013
11013
11013
11015
11015
11015
11015
11015
11015
11015
11015
11015
11015
11016
11016
11016
11018
11019
11019
11019
11019
11019
11019
11019
11019
11019
11019
11019
11019
11019
11019
11019
11019
11019
11019
11020
11020
11020
11022
11022
11023
11026
11026
11026
11026
11026
11026
11026
11026
11026
11026
11026
11026
11027
11027
11028
11028
11028
11028
11028
11028
11028
11028
11028
11028
11028
11028
11028
11028
11028
11028
11028
11028
11028
11028
11029
11030
11030
11030
11030
11030
11030
11033
11033
11033
11033
11033
11034
11034
11034
11036
11038
11038
11041
11043
11044
11044
11044
11044
11044
11044
11044
11044
11044
11044
11044
11044
11044
11044
11044
11044
11044
11044
11044
11044
11044
11044
11044
11044
11044
11044
11044
11045
11045
11045
11045
11045
11045
11045
11045
11045
11045
11045
11045
11045
11045
11045
11045
11046
11046
11046
11046
11046
11046
11046
11046
11046
11046
11046
11046
11046
11046
11046
11046
11047
11047
11047
11047
11047
11047
11047
11047
11047
11047
11047
11047
11047
11048
11048
11048
11048
11048
11048
11048
11049
11049
11049
11049
11049
11049
11049
11049
11049
11049
11049
11049
11049
11049
11049
11049
11049
11049
11049
11049
11049
11049
11049
11049
11049
11049
11049
11049
11049
11049
11049
11050
11050
11050
11050
11050
11050
11050
11050
11050
11050
11050
11050
11050
11050
11050
11050
11050
11050
11050
11050
11050
11050
11050
11050
11050
11050
11050
11050
11053
11053
11053
11053
11053
11053
11053
11053
11054
11054
11054
11054
11054
11054
11054
11054
11054
11054
11054
11054
11054
11055
11055
11056
11056
11057
11057
11058
11066
11067
11068
11069
11070
11075
11076
11077
11077
11077
11077
11077
11082
11082
11082
11083
11083
11083
11083
11083
11083
11083
11083
11084
11084
11084
11085
11086
11088
11088
11088
11088
11088
11088
11088
11089
11089
11090
11091
11091
11092
11093
11094
11100
11100
11100
11102
11102
11102
11105
11105
11105
11106
11107
11109
11109
11110
11110
11110
11111
11111
11111
11111
11111
11111
11111
11112
11112
11112
11112
11113
11113
11114
11114
11114
11115
11116
11117
11117
11118
11118
11118
11118
11120
11121
11127
11127
11130
11131
11132
11133
11133
11135
11136
11137
11147
11148
11148
11149
11150
11150
11150
11150
11150
11151
11152
11152
11153
11153
11154
11154
11154
11155
11156
11156
11157
11157
11157
11157
11157
11157
11157
11160
11161
11161
11161
11161
11161
11161
11161
11161
11161
11161
11161
11161
11162
11162
11162
11162
11162
11163
11164
11167
11220
11223
11226
11226
11243
11248
11250
11250
11250
11255
11256
11256
11260
11261
11262
11264
11264
11264
11264
11264
11264
11264
11264
11264
11265
11265
11265
11268
11268
11268
11268
11268
11268
11268
11270
11273
11273
11278
11278
11278
11278
11278
11278
11278
11281
11282
11282
11282
11284
11284
11284
11284
11284
11285
11285
11285
11285
11285
11286
11286
11286
11286
11286
11286
11286
11286
11286
11286
11286
11286
11286
11286
11286
11286
11286
11286
11286
11286
11286
11286
11286
11286
11286
11286
11286
11286
11286
11286
11286
11286
11286
11287
11297
11297
11297
11299
11299
11300
11300
11300
11300
11301
11301
11302
11302
11302
11302
11302
11303
11304
11304
11304
11304
11304
11304
11304
11304
11304
11304
11304
11304
11304
11304
11304
11304
11304
11304
11304
11304
11304
11304
11304
11304
11305
11306
11306
11308
11308
11308
11321
11321
11321
11321
11321
11321
11321
11321
11321
11321
11322
11324
11324
11334
11334
11334
11334
11334
11334
11334
11334
11334
11334
11337
11337
11337
11337
11337
11337
11337
11337
11337
11337
11337
11337
11337
11337
11337
11337
11337
11337
11338
11338
11339
11339
11339
11339
11339
11341
11350
11350
11351
11351
11353
11356
11363
11363
11368
11371
11371
11372
11376
11377
11381
11384
11385
11385
11385
11385
11389
11390
11393
11393
11396
11396
11396
11397
11397
11397
11398
11399
11402
11406
11406
11406
11409
11409
11409
11409
11409
11409
11411
11411
11412
11412
11413
11413
11413
11413
11413
11413
11413
11413
11414
11414
11415
11415
11415
11417
11418
11418
11418
11418
11418
11419
11419
11419
11419
11419
11419
11419
11420
11420
11420
11420
11420
11420
11420
11420
11420
11420
11420
11420
11420
11420
11421
11421
11421
11421
11421
11421
11421
11422
11422
11423
11423
11423
11423
11423
11423
11423
11423
11423
11430
11430
11430
11430
11430
11430
11431
11432
11433
11439
11439
11440
11440
11442
11443
11443
11444
11445
11445
11445
11445
11445
11445
11445
11446
11446
11447
11447
11447
11452
11462
11462
11462
11463
11464
11464
11464
11464
11464
11467
11467
11467
11467
11467
11467
11467
11467
11467
11467
11468
11468
11469
11470
11470
11470
11470
11470
11470
11470
11470
11473
11473
11473
11473
11473
11476
11476
11476
11476
11476
11476
11476
11476
11476
11476
11476
11483
11485
11485
11485
11485
11485
11485
11486
11487
11501
11501
11501
11501
11501
11501
11501
11502
11508
11508
11508
11511
11512
11512
11512
11513
11513
11513
11513
11513
11513
11513
11513
11513
11513
11513
11513
11513
11514
11514
11514
11514
11514
11515
11519
11519
11520
11521
11521
11521
11522
11522
11523
11523
11523
11523
11523
11523
11524
11525
11532
11555
11555
11555
11556
11556
11556
11556
11556
11556
11556
11556
11557
11558
11558
11558
11558
11558
11560
11561
11565
11574
11574
11574
11574
11574
11574
11574
11574
11574
11574
11574
11574
11574
11574
11574
11575
11575
11575
11575
11575
11575
11578
11578
11578
11578
11580
11590
11605
11613
11613
11616
11621
11621
11626
11634
11634
11635
11639
11640
11646
11648
11648
11650
11650
11651
11651
11654
11655
11656
11656
11658
11658
11658
11658
11658
11658
11658
11659
11659
11660
11661
11661
11661
11662
11662
11662
11662
11663
11664
11664
11664
11664
11664
11664
11664
11664
11664
11664
11669
11669
11670
11671
11673
11673
11673
11673
11673
11673
11673
11673
11673
11673
11673
11673
11673
11673
11673
11673
11673
11673
11673
11673
11673
11673
11673
11673
11681
11682
11682
11684
11686
11686
11686
11686
11686
11691
11691
11691
11691
11691
11693
11693
11693
11693
11693
11693
11693
11693
11693
11694
11694
11694
11694
11694
11694
11694
11695
11695
11695
11695
11714
11714
11714
11714
11715
11715
11720
11720
11720
11720
11721
11721
11725
11725
11726
11726
11726
11726
11726
11726
11726
11726
11726
11726
11726
11726
11726
11727
11727
11727
11727
11727
11727
11727
11728
11728
11728
11728
11728
11728
11728
11728
11728
11728
11728
11728
11728
11728
11728
11728
11728
11728
11728
11728
11728
11728
11728
11728
11728
11728
11728
11728
11728
11728
11728
11728
11728
11728
11728
11728
11728
11728
11728
11728
11728
11728
11728
11728
11728
11728
11728
11728
11728
11728
11728
11728
11728
11728
11728
11728
11728
11728
11728
11728
11728
11728
11728
11728
11728
11728
11728
11728
11728
11728
11729
11732
11732
11733
11733
11733
11733
11733
11734
11734
11734
11734
11735
11735
11736
11736
11736
11736
11736
11736
11736
11736
11736
11736
11748
11750
11750
11751
11751
11752
11768
11768
11768
11768
11768
11768
11768
11768
11768
11773
11773
11773
11773
11774
11774
11774
11794
11795
11796
11796
11796
11796
11796
11796
11796
11796
11796
11796
11798
11798
11800
11800
11800
11800
11801
11801
11801
11801
11801
11805
11805
11805
11805
11805
11805
11805
11805
11805
11805
11805
11805
11805
11807
11807
11809
11810
11810
11810
11810
11810
11812
11813
11814
11814
11814
11833
11833
11833
11833
11833
11833
11833
11834
11834
11834
11834
11834
11834
11834
11834
11834
11834
11834
11834
11834
11835
11835
11835
11835
11835
11835
11835
11836
11836
11836
11838
11838
11839
11839
11839
11839
11839
11839
11839
11839
11840
11841
11841
11841
11841
11841
11841
11841
11851
11851
11862
11862
11862
11862
11872
11892
11894
11895
11895
11896
11896
11896
11896
11896
11896
11896
11896
11896
11897
11897
11897
11897
11897
11897
11898
11898
11898
11902
11904
11904
11904
11905
11906
11906
11906
11906
11906
11915
11915
11916
11917
11917
11917
11917
11917
11917
11918
11918
11919
11921
11922
11926
11926
11926
11927
11927
11927
11927
11927
11928
11928
11928
11928
11928
11933
11933
11933
11933
11933
11933
11933
11933
11933
11933
11946
11946
11947
11948
11949
11949
11949
11950
11950
11950
11950
11950
11951
11951
11951
11951
11951
11951
11951
11951
11951
11951
11952
11952
11952
11952
11952
11952
11952
11952
11952
11952
11952
11952
11952
11952
11952
11952
11952
11952
11952
11952
11952
11952
11952
11952
11952
11952
11952
11953
11953
11954
11954
11954
11955
11955
11955
11955
11955
11955
11955
11955
11955
11955
11955
11955
11955
11955
11955
11955
11955
11955
11955
11955
11955
11955
11956
11956
11956
11957
11957
11957
11957
11957
11957
11957
11957
11959
11959
11959
11959
11961
11961
11961
11961
11962
11962
11962
11962
11962
11963
11963
11963
11964
11970
11970
11971
11971
11971
11971
11971
11971
11971
11971
11971
11971
11971
11971
11971
11971
11971
11971
11971
11971
11971
11971
11971
11971
11971
11971
11971
11971
11972
11972
11973
11973
11973
11974
11975
11975
11975
11976
11976
11976
11978
11979
11984
11984
11984
11984
11986
11986
11987
11987
11987
11988
11988
11988
11988
11988
11989
11990
11990
11990
11990
11991
11992
11992
11995
11996
11996
11996
11996
11996
11996
11996
11996
11996
11997
11997
11997
11997
11997
11997
11997
11998
11998
11998
11998
11999
11999
11999
11999
11999
11999
11999
11999
11999
11999
11999
11999
12001
12006
12006
12007
12007
12007
12007
12009
12015
12028
12028
12028
12028
12028
12028
12028
12029
12029
12029
12029
12038
12038
12038
12038
12039
12039
12040
12040
12040
12040
12040
12041
12041
12041
12041
12041
12041
12041
12041
12041
12041
12041
12041
12046
12046
12046
12052
12052
12052
12052
12052
12052
12052
12053
12053
12055
12056
12056
12056
12056
12056
12056
12056
12056
12057
12057
12057
12057
12058
12058
12058
12058
12060
12061
12063
12063
12063
12063
12063
12063
12063
12063
12063
12063
12063
12063
12064
12064
12064
12064
12064
12065
12066
12066
12067
12067
12067
12067
12067
12067
12067
12067
12067
12067
12067
12067
12067
12067
12068
12068
12068
12068
12068
12068
12068
12068
12068
12068
12068
12073
12073
12073
12073
12073
12073
12073
12074
12074
12074
12074
12074
12076
12085
12085
12085
12090
12090
12090
12094
12094
12094
12095
12095
12095
12095
12095
12095
12095
12097
12097
12097
12098
12099
12099
12099
12099
12100
12100
12100
12100
12101
12101
12101
12102
12109
12109
12109
12112
12115
12117
12118
12118
12118
12118
12118
12118
12118
12118
12119
12120
12120
12121
12121
12121
12122
12123
12123
12124
12124
12125
12125
12125
12132
12132
12132
12132
12132
12132
12134
12134
12134
12134
12134
12135
12135
12135
12135
12135
12135
12135
12135
12135
12135
12135
12135
12135
12135
12135
12135
12135
12135
12136
12136
12136
12136
12136
12136
12136
12141
12141
12141
12141
12141
12146
12146
12146
12148
12148
12149
12149
12149
12149
12149
12150
12150
12150
12150
12150
12151
12151
12152
12152
12152
12152
12152
12152
12154
12154
12154
12154
12154
12154
12155
12155
12155
12158
12158
12158
12159
12159
12159
12159
12161
12161
12162
12162
12162
12162
12162
12162
12163
12163
12164
12164
12164
12165
12165
12165
12165
12165
12165
12165
12167
12167
12167
12167
12167
12167
12167
12167
12167
12169
12169
12169
12170
12170
12170
12170
12170
12170
12170
12170
12170
12170
12170
12170
12170
12170
12170
12170
12172
12172
12172
12172
12172
12172
12172
12172
12172
12172
12172
12172
12172
12172
12172
12172
12172
12172
12172
12172
12172
12172
12172
12172
12172
12172
12172
12172
12172
12172
12173
12173
12173
12173
12173
12173
12173
12173
12173
12173
12173
12173
12173
12173
12173
12173
12173
12173
12173
12173
12175
12175
12175
12175
12175
12175
12176
12193
12193
12206
12206
12206
12206
12206
12206
12206
12206
12206
12207
12207
12207
12207
12207
12207
12207
12207
12207
12207
12207
12207
12207
12207
12211
12224
12224
12226
12231
12231
12234
12236
12236
12236
12237
12237
12237
12238
12238
12238
12238
12239
12239
12239
12239
12239
12239
12239
12239
12239
12239
12239
12239
12239
12239
12239
12239
12241
12242
12243
12245
12245
12245
12245
12245
12245
12245
12245
12245
12245
12245
12246
12246
12246
12246
12246
12246
12246
12246
12246
12246
12246
12246
12246
12246
12246
12246
12246
12246
12246
12246
12246
12246
12246
12246
12246
12246
12247
12247
12247
12247
12247
12247
12247
12247
12247
12247
12247
12247
12247
12247
12247
12247
12247
12247
12247
12247
12248
12248
12248
12248
12248
12248
12248
12248
12248
12248
12248
12248
12248
12248
12248
12248
12248
12248
12248
12248
12248
12248
12248
12248
12248
12248
12249
12249
12249
12249
12249
12249
12249
12249
12249
12249
12249
12249
12249
12249
12249
12249
12249
12249
12249
12249
12249
12249
12249
12249
12249
12249
12249
12249
12249
12249
12249
12251
12251
12251
12251
12251
12251
12251
12251
12251
12251
12251
12251
12251
12251
12251
12251
12251
12255
12258
12258
12258
12258
12258
12260
12260
12260
12260
12260
12260
12260
12260
12260
12260
12260
12260
12260
12260
12260
12260
12260
12260
12260
12260
12260
12260
12260
12260
12260
12260
12261
12261
12261
12261
12261
12261
12261
12261
12261
12261
12261
12261
12262
12262
12262
12262
12262
12262
12262
12262
12262
12262
12262
12262
12262
12262
12262
12262
12262
12262
12262
12262
12262
12263
12263
12263
12263
12263
12263
12263
12263
12263
12263
12263
12263
12263
12263
12263
12263
12263
12263
12263
12263
12263
12263
12263
12263
12263
12263
12263
12263
12263
12263
12263
12263
12263
12263
12263
12263
12263
12263
12263
12263
12263
12263
12263
12263
12263
12263
12265
12265
12265
12266
12266
12266
12266
12266
12266
12266
12268
12270
12270
12270
12270
12270
12270
12270
12270
12270
12270
12270
12270
12270
12270
12270
12270
12270
12270
12270
12270
12271
12271
12271
12271
12271
12271
12271
12271
12271
12271
12271
12271
12271
12271
12271
12271
12272
12272
12272
12272
12280
12280
12280
12280
12280
12280
12280
12280
12280
12280
12280
12280
12280
12281
12282
12284
12288
12288
12288
12289
12291
12302
12302
12302
12303
12303
12303
12303
12306
12306
12307
12307
12307
12307
12307
12307
12307
12307
12307
12307
12307
12307
12307
12307
12307
12307
12307
12307
12307
12312
12312
12312
12312
12312
12312
12312
12312
12312
12312
12312
12312
12312
12312
12312
12312
12312
12312
12312
12312
12312
12312
12312
12312
12314
12314
12314
12314
12314
12314
12314
12314
12314
12314
12314
12314
12314
12316
12323
12323
12323
12323
12323
12323
12323
12323
12323
12323
12326
12326
12329
12330
12330
12331
12331
12331
12333
12333
12333
12333
12333
12333
12333
12333
12333
12333
12333
12333
12333
12333
12333
12334
12334
12334
12334
12334
12334
12334
12334
12334
12334
12334
12334
12334
12334
12336
12336
12337
12337
12337
12337
12337
12337
12338
12338
12338
12338
12338
12338
12338
12338
12338
12338
12338
12338
12338
12338
12338
12338
12339
12349
12349
12349
12349
12349
12349
12349
12349
12349
12349
12349
12349
12349
12349
12349
12350
12350
12350
12350
12350
12350
12350
12350
12350
12350
12350
12350
12350
12350
12350
12350
12350
12350
12350
12350
12350
12351
12351
12351
12351
12351
12351
12351
12351
12351
12351
12352
12352
12352
12357
12357
12357
12357
12357
12357
12357
12357
12357
12357
12359
12359
12359
12359
12361
12361
12361
12361
12361
12361
12361
12361
12361
12361
12361
12363
12363
12363
12364
12365
12365
12365
12365
12365
12371
12371
12371
12371
12371
12371
12371
12371
12371
12371
12371
12371
12371
12371
12371
12371
12371
12371
12372
12372
12372
12373
12373
12373
12373
12373
12374
12374
12374
12374
12374
12376
12377
12377
12379
12379
12379
12384
12384
12385
12385
12385
12385
12385
12385
12385
12385
12385
12385
12385
12385
12385
12385
12385
12385
12385
12385
12385
12385
12385
12385
12385
12385
12385
12385
12385
12385
12385
12385
12385
12385
12385
12387
12387
12387
12388
12388
12388
12388
12388
12388
12388
12389
12389
12389
12389
12389
12389
12389
12389
12389
12389
12389
12389
12389
12389
12390
12390
12390
12390
12390
12390
12390
12390
12390
12390
12390
12390
12390
12390
12390
12390
12390
12390
12390
12390
12390
12390
12390
12390
12390
12390
12390
12390
12390
12390
12390
12390
12390
12390
12390
12390
12390
12390
12390
12390
12390
12392
12392
12392
12392
12392
12392
12392
12392
12392
12392
12392
12392
12392
12392
12392
12392
12392
12392
12392
12392
12392
12392
12392
12392
12392
12392
12392
12392
12392
12392
12392
12392
12392
12392
12393
12393
12393
12393
12393
12393
12393
12393
12394
12394
12396
12396
12396
12396
12396
12396
12396
12396
12396
12396
12397
12397
12397
12397
12398
12400
12400
12401
12402
12402
12402
12402
12403
12404
12405
12406
12406
12408
12408
12411
12412
12412
12412
12412
12412
12412
12412
12413
12413
12414
12414
12414
12415
12416
12416
12416
12416
12416
12416
12416
12416
12416
12416
12416
12418
12418
12418
12418
12418
12419
12419
12419
12419
12419
12419
12419
12419
12419
12419
12419
12419
12419
12419
12419
12419
12419
12419
12419
12420
12420
12420
12420
12420
12420
12421
12421
12421
12421
12421
12421
12422
12422
12424
12425
12425
12425
12425
12425
12425
12425
12425
12426
12426
12427
12427
12427
12428
12428
12428
12428
12428
12428
12428
12428
12428
12428
12428
12428
12428
12428
12428
12428
12428
12428
12428
12429
12429
12429
12429
12429
12429
12429
12430
12430
12431
12431
12432
12433
12437
12437
12438
12438
12438
12438
12438
12442
12445
12445
12445
12445
12445
12445
12445
12445
12445
12445
12445
12445
12445
12445
12445
12445
12445
12445
12445
12445
12445
12445
12445
12445
12445
12445
12445
12445
12445
12445
12445
12445
12445
12445
12445
12445
12445
12445
12445
12447
12447
12447
12447
12447
12447
12447
12448
12448
12448
12448
12448
12448
12448
12448
12448
12448
12448
12448
12448
12448
12448
12448
12448
12448
12449
12450
12450
12451
12451
12451
12451
12451
12451
12452
12452
12452
12452
12452
12452
12452
12452
12452
12452
12452
12452
12452
12452
12452
12453
12453
12453
12454
12454
12454
12454
12454
12454
12454
12454
12454
12455
12455
12455
12455
12455
12455
12455
12455
12455
12456
12457
12457
12457
12457
12457
12457
12457
12457
12457
12457
12457
12457
12457
12457
12457
12457
12457
12457
12457
12457
12457
12457
12458
12458
12458
12458
12458
12459
12459
12459
12459
12459
12459
12460
12460
12460
12460
12460
12460
12460
12460
12460
12460
12460
12460
12460
12460
12460
12460
12460
12460
12460
12460
12460
12460
12460
12460
12460
12460
12460
12460
12460
12460
12460
12460
12460
12460
12460
12460
12460
12460
12460
12460
12460
12460
12460
12460
12460
12460
12460
12460
12460
12460
12460
12460
12460
12460
12460
12460
12460
12461
12461
12461
12461
12461
12461
12461
12461
12461
12461
12461
12461
12461
12461
12462
12462
12462
12462
12463
12463
12463
12463
12463
12463
12463
12463
12463
12463
12463
12463
12463
12464
12464
12464
12464
12464
12464
12464
12464
12464
12464
12464
12464
12464
12465
12465
12465
12465
12465
12465
12465
12465
12466
12466
12466
12466
12466
12466
12466
12466
12466
12466
12466
12466
12466
12466
12466
12466
12466
12466
12466
12466
12466
12466
12466
12466
12466
12466
12468
12468
12468
12468
12468
12468
12468
12468
12468
12468
12468
12468
12468
12468
12468
12468
12468
12468
12468
12468
12468
12469
12469
12469
12469
12469
12469
12470
12470
12470
12470
12470
12470
12470
12470
12470
12470
12470
12470
12470
12470
12470
12470
12471
12471
12471
12471
12471
12471
12471
12471
12471
12471
12471
12471
12471
12471
12471
12471
12471
12471
12471
12471
12471
12471
12471
12471
12471
12471
12471
12471
12471
12471
12471
12471
12471
12471
12471
12471
12471
12471
12471
12471
12471
12471
12471
12472
12472
12472
12472
12472
12472
12472
12474
12474
12474
12474
12475
12475
12475
12475
12475
12475
12475
12475
12475
12475
12475
12475
12475
12475
12475
12475
12475
12475
12475
12475
12475
12475
12478
12478
12478
12478
12478
12478
12479
12479
12479
12479
12479
12479
12481
12481
12481
12481
12481
12481
12481
12481
12481
12481
12481
12481
12481
12481
12482
12484
12484
12485
12485
12485
12485
12486
12487
12487
12488
12488
12489
12489
12489
12489
12489
12489
12489
12489
12489
12489
12489
12489
12489
12489
12489
12489
12489
12489
12490
12491
12491
12492
12492
12492
12492
12492
12493
12493
12493
12493
12493
12493
12495
12495
12496
12496
12496
12496
12497
12497
12497
12497
12499
12500
12500
12500
12500
12500
12500
12500
12500
12500
12500
12500
12500
12500
12505
12505
12505
12505
12505
12505
12505
12505
12506
12506
12506
12506
12506
12506
12506
12506
12506
12506
12507
12507
12507
12507
12507
12507
12507
12507
12507
12508
12508
12508
12508
12508
12508
12508
12508
12508
12508
12508
12508
12508
12508
12508
12508
12508
12508
12508
12508
12508
12508
12508
12508
12508
12508
12508
12508
12508
12508
12508
12508
12508
12508
12508
12508
12508
12508
12508
12508
12508
12508
12508
12508
12508
12508
12508
12508
12508
12508
12508
12508
12508
12508
12508
12508
12508
12508
12508
12508
12508
12508
12508
12508
12508
12508
12508
12508
12508
12508
12508
12508
12508
12508
12508
12508
12508
12508
12508
12508
12508
12508
12508
12508
12508
12508
12508
12508
12508
12508
12508
12508
12508
12508
12508
12508
12508
12508
12508
12508
12508
12508
12508
12508
12508
12508
12508
12508
12508
12510
12510
12510
12510
12510
12510
12510
12510
12510
12510
12510
12510
12510
12511
12512
12512
12512
12512
12512
12512
12512
12512
12512
12512
12512
12512
12512
12512
12512
12512
12512
12512
12512
12512
12512
12512
12512
12513
12513
12513
12513
12513
12513
12513
12513
12513
12513
12513
12513
12513
12513
12513
12513
12513
12513
12513
12513
12513
12513
12513
12513
12514
12514
12514
12514
12514
12515
12515
12515
12515
12515
12515
12515
12515
12515
12515
12515
12515
12515
12515
12515
12515
12515
12515
12515
12515
12516
12516
12516
12516
12516
12516
12516
12517
12517
12517
12517
12517
12517
12517
12517
12517
12517
12518
12518
12518
12518
12518
12518
12518
12519
12519
12519
12519
12519
12519
12521
12521
12521
12521
12521
12521
12521
12521
12521
12521
12521
12521
12521
12521
12521
12521
12521
12522
12522
12522
12522
12522
12522
12522
12522
12523
12523
12523
12523
12523
12523
12523
12523
12523
12523
12523
12523
12524
12524
12524
12528
12528
12528
12528
12528
12528
12528
12528
12528
12528
12528
12528
12528
12529
12529
12529
12530
12530
12530
12530
12531
12531
12531
12531
12531
12531
12531
12531
12531
12531
12531
12531
12531
12532
12532
12532
12532
12532
12532
12532
12532
12532
12532
12532
12532
12532
12532
12532
12532
12532
12532
12532
12532
12532
12532
12532
12532
12532
12532
12532
12532
12532
12532
12532
12532
12532
12532
12535
12535
12535
12535
12535
12536
12536
12536
12536
12536
12536
12536
12536
12536
12536
12536
12536
12536
12536
12536
12536
12536
12536
12536
12536
12536
12536
12536
12536
12536
12536
12536
12536
12536
12536
12536
12536
12536
12536
12536
12536
12536
12536
12536
12536
12536
12536
12536
12536
12536
12536
12536
12536
12536
12536
12536
12536
12536
12536
12536
12536
12536
12536
12536
12536
12536
12536
12536
12536
12536
12536
12536
12536
12536
12536
12536
12536
12536
12536
12536
12536
12536
12536
12536
12536
12536
12536
12536
12536
12536
12536
12536
12536
12536
12536
12536
12536
12536
12536
12536
12536
12536
12536
12536
12536
12536
12536
12536
12536
12536
12536
12536
12536
12536
12536
12536
12536
12536
12536
12536
12536
12536
12536
12536
12536
12536
12536
12536
12536
12536
12536
12536
12536
12536
12536
12536
12536
12536
12536
12536
12536
12536
12536
12536
12536
12536
12536
12536
12536
12536
12536
12536
12536
12536
