0 1
0 2
0 3
0 4
0 5
0 6
0 7
0 8
0 9
0 10
0 11
0 12
0 13
0 14
0 15
0 16
0 17
0 18
0 19
0 20
0 21
0 22
0 23
0 24
0 25
0 26
0 27
0 28
0 29
0 30
0 31
0 32
0 33
0 34
0 35
0 36
0 37
0 38
0 39
0 40
0 41
0 42
0 43
0 44
0 45
0 46
0 47
0 48
0 49
0 50
0 51
0 52
0 53
0 54
0 55
0 56
0 57
0 58
0 59
0 60
0 61
0 62
0 63
0 64
0 65
0 66
0 67
0 68
0 69
0 70
0 71
0 72
0 73
0 74
0 75
0 76
0 77
0 78
0 79
0 80
0 81
0 82
0 83
0 84
0 85
0 86
0 87
0 88
0 89
0 90
0 91
0 92
0 93
0 94
0 95
0 96
0 97
0 98
0 99
0 100
0 101
0 102
0 103
0 104
0 105
0 106
0 107
0 108
0 109
0 110
0 111
0 112
0 113
0 114
0 115
0 116
0 117
0 118
0 119
0 120
0 121
0 122
0 123
0 124
0 125
0 126
0 127
0 128
0 129
0 130
0 131
0 132
0 133
0 134
0 135
0 136
0 137
0 138
0 139
0 140
0 141
0 142
0 143
0 144
0 145
0 146
0 147
0 148
0 149
0 150
0 151
0 152
0 153
0 154
0 155
0 156
0 157
0 158
0 159
0 160
0 161
0 162
0 163
0 164
0 165
0 166
0 167
0 168
0 169
0 170
0 171
0 172
0 173
0 174
0 175
0 176
0 177
0 178
0 179
0 180
0 181
0 182
0 183
0 184
0 185
0 186
0 187
0 188
0 189
0 190
0 191
0 192
0 193
0 194
0 195
0 196
0 197
0 198
0 199
0 200
0 201
0 202
0 203
0 204
0 205
0 206
0 207
0 208
0 209
0 210
0 211
0 212
0 213
0 214
0 215
0 216
0 217
0 218
0 219
0 220
0 221
0 222
0 223
0 224
0 225
0 226
0 227
0 228
0 229
0 230
0 231
0 232
0 233
0 234
0 235
0 236
0 237
0 238
0 239
0 240
0 241
0 242
0 243
0 244
0 245
0 246
0 247
0 248
0 249
0 250
0 251
0 252
0 253
0 254
0 255
0 256
0 257
0 258
0 259
0 260
0 261
0 262
0 263
0 264
0 265
0 266
0 267
0 268
0 269
0 270
0 271
0 272
0 273
0 274
0 275
0 276
0 277
0 278
0 279
0 280
0 281
0 282
0 283
0 284
0 285
0 286
0 287
0 288
0 289
0 290
0 291
0 292
0 293
0 294
0 295
0 296
0 297
0 298
0 299
0 300
0 301
0 302
0 303
0 304
0 305
0 306
0 307
0 308
0 309
0 310
0 311
0 312
0 313
0 314
0 315
0 316
0 317
0 318
0 319
0 320
0 321
0 322
0 323
0 324
0 325
0 326
0 327
0 328
0 329
0 330
0 331
0 332
0 333
0 334
0 335
0 336
0 337
0 338
0 339
0 340
0 341
0 342
0 343
0 344
0 345
0 346
0 347
0 348
0 349
0 350
0 351
0 352
0 353
0 354
0 355
0 356
0 357
0 358
0 359
0 360
0 361
0 362
0 363
0 364
0 365
0 366
0 367
0 368
0 369
0 370
0 371
0 372
0 373
0 374
0 375
0 376
0 377
0 378
1 2
1 3
1 4
1 5
1 6
1 7
1 8
1 9
1 10
1 12
1 16
1 18
1 19
1 20
1 21
1 22
1 23
1 25
1 26
1 28
1 30
1 31
1 32
1 33
1 34
1 35
1 37
1 38
1 39
1 41
1 42
1 44
1 45
1 47
1 48
1 49
1 51
1 52
1 56
1 57
1 59
1 60
1 61
1 62
1 63
1 66
1 67
1 69
1 70
1 71
1 72
1 73
1 74
1 75
1 76
1 77
1 78
1 79
1 80
1 82
1 83
1 84
1 85
1 86
1 87
1 88
1 89
1 90
1 92
1 93
1 94
1 101
1 102
1 105
1 106
1 108
1 109
1 118
1 121
1 122
1 123
1 124
1 126
1 131
1 134
1 135
1 137
1 138
1 139
1 140
1 141
1 146
1 148
1 150
1 151
1 167
1 168
1 170
1 171
1 173
1 174
1 176
1 180
1 182
1 183
1 187
1 188
1 189
1 190
1 193
1 195
1 196
1 198
1 199
1 200
1 203
1 207
1 208
1 212
1 214
1 215
1 216
1 220
1 221
1 223
1 224
1 229
1 232
1 234
1 235
1 236
1 238
1 242
1 246
1 247
1 249
1 251
1 254
1 258
1 263
1 266
1 267
1 270
1 272
1 273
1 274
1 275
1 276
1 281
1 282
1 288
1 289
1 293
1 294
1 296
1 299
1 302
1 304
1 305
1 307
1 308
1 309
1 310
1 311
1 314
1 315
1 317
1 318
1 320
1 323
1 324
1 328
1 331
1 334
1 339
1 343
1 344
1 346
1 347
1 348
1 349
1 350
1 351
1 352
1 356
1 358
1 368
1 369
1 372
1 373
1 374
1 391
1 394
1 399
1 417
1 420
1 423
1 430
1 434
1 438
1 441
1 445
1 446
1 454
1 459
1 475
1 477
1 481
1 484
1 490
1 499
1 523
1 540
1 547
1 551
1 553
1 554
1 555
1 556
1 567
1 568
1 569
1 571
1 572
1 573
1 575
1 581
1 587
1 588
1 590
1 591
1 597
1 599
1 600
1 606
1 607
1 608
1 609
1 610
1 612
1 613
1 624
1 628
1 629
1 631
1 633
1 634
1 635
1 636
1 637
1 638
1 639
1 640
1 641
1 642
1 643
1 644
1 648
1 652
1 656
1 659
1 661
1 670
1 673
1 677
1 678
1 682
1 689
1 696
1 702
1 703
1 704
1 707
1 716
1 717
1 724
1 734
1 736
1 737
1 740
1 745
1 746
1 749
1 752
1 754
1 756
1 758
1 759
1 762
1 764
1 769
1 771
1 778
1 780
1 781
1 782
1 784
1 785
1 786
1 800
1 803
1 804
1 809
1 810
1 833
1 836
1 843
1 847
1 871
1 872
1 874
1 899
1 903
1 904
1 922
1 928
1 930
1 931
1 933
1 936
1 938
1 940
1 941
1 943
1 944
1 959
1 997
1 998
1 1029
1 1032
1 1037
1 1050
1 1053
1 1057
1 1058
1 1059
1 1060
1 1061
1 1062
1 1063
1 1064
1 1065
1 1066
1 1067
1 1068
1 1069
1 1070
1 1071
1 1072
1 1073
1 1074
1 1075
1 1076
1 1077
1 1078
1 1079
1 1080
1 1081
1 1082
1 1083
1 1084
1 1085
1 1086
1 1087
1 1088
1 1089
1 1090
1 1091
1 1092
1 1093
1 1094
1 1095
1 1096
1 1097
1 1098
1 1099
1 1100
1 1101
1 1102
1 1103
1 1104
1 1105
1 1106
1 1107
1 1108
1 1109
1 1110
1 1111
1 1112
1 1113
1 1114
1 1115
1 1116
1 1117
1 1118
1 1119
1 1120
1 1121
1 1122
1 1123
1 1124
1 1125
1 1126
1 1127
1 1128
1 1129
1 1130
1 1131
1 1132
1 1133
1 1134
1 1135
1 1136
1 1137
1 1138
1 1139
1 1140
1 1141
1 1142
1 1143
1 1144
1 1145
1 1146
1 1147
1 1148
1 1149
1 1150
1 1151
1 1152
1 1153
1 1154
1 1155
1 1156
1 1157
1 1158
1 1159
1 1160
1 1161
1 1162
1 1163
1 1164
1 1165
1 1166
1 1167
1 1168
1 1169
1 1170
1 1171
1 1172
1 1173
1 1174
1 1175
1 1176
1 1177
1 1178
1 1179
1 1180
1 1181
1 1182
1 1183
1 1184
1 1185
1 1186
1 1187
1 1188
1 1189
1 1190
1 1191
1 1192
1 1193
1 1194
1 1195
1 1196
1 1197
1 1198
1 1199
1 1200
1 1201
1 1202
1 1203
1 1204
1 1205
1 1206
1 1207
1 1208
1 1209
1 1210
1 1211
1 1212
1 1213
1 1214
1 1215
1 1216
1 1217
1 1218
1 1219
1 1220
1 1221
1 1222
1 1223
1 1224
1 1225
1 1226
1 1227
1 1228
1 1229
1 1230
1 1231
1 1232
1 1233
1 1234
1 1235
1 1236
1 1237
1 1238
1 1239
1 1240
1 1241
1 1242
1 1243
1 1244
1 1245
1 1246
1 1247
1 1248
1 1249
1 1250
1 1251
1 1252
1 1253
1 1254
1 1255
1 1256
1 1257
1 1258
1 1259
1 1260
1 1261
1 1262
1 1263
1 1264
1 1265
1 1266
1 1267
1 1268
1 1269
1 1270
1 1271
1 1272
1 1273
1 1274
1 1275
1 1276
1 1277
1 1278
1 1279
1 1280
1 1281
1 1282
1 1283
1 1284
1 1285
1 1286
1 1287
1 1288
1 1289
1 1290
1 1291
1 1292
1 1293
1 1294
1 1295
1 1296
1 1297
1 1298
1 1299
1 1300
1 1301
1 1302
1 1303
1 1304
1 1305
1 1306
1 1307
1 1308
1 1309
1 1310
1 1311
1 1312
1 1313
1 1314
1 1315
1 1316
1 1317
1 1318
1 1319
1 1320
1 1321
1 1322
1 1323
1 1324
1 1325
1 1326
1 1327
1 1328
1 1329
1 1330
1 1331
1 1332
1 1333
1 1334
1 1335
1 1336
1 1337
1 1338
1 1339
1 1340
1 1341
1 1342
1 1343
1 1344
1 1345
1 1346
1 1347
1 1348
1 1349
1 1350
1 1351
1 1352
1 1353
1 1354
1 1355
1 1356
1 1357
1 1358
1 1359
1 1360
1 1361
1 1362
1 1363
1 1364
1 1365
1 1366
1 1367
1 1368
1 1369
1 1370
1 1371
1 1372
1 1373
1 1374
1 1375
1 1376
1 1377
1 1378
1 1379
1 1380
1 1381
1 1382
1 1383
1 1384
1 1385
1 1386
1 1387
1 1388
1 1389
1 1390
1 1391
1 1392
1 1393
1 1394
1 1395
1 1396
1 1397
1 1398
1 1399
1 1400
1 1401
1 1402
1 1403
1 1404
1 1405
1 1406
1 1407
1 1408
1 1409
1 1410
1 1411
1 1412
1 1413
1 1414
1 1415
1 1416
1 1417
1 1418
1 1419
1 1420
1 1421
1 1422
1 1423
1 1424
1 1425
1 1426
1 1427
1 1428
1 1429
1 1430
1 1431
1 1432
1 1433
1 1434
1 1435
1 1436
1 1437
1 1438
1 1439
1 1440
1 1441
1 1442
1 1443
1 1444
1 1445
1 1446
1 1447
1 1448
1 1449
1 1450
1 1451
1 1452
1 1453
1 1454
1 1455
1 1456
1 1457
1 1458
1 1459
1 1460
1 1461
1 1462
1 1463
1 1464
1 1465
1 1466
1 1467
1 1468
1 1469
1 1470
1 1471
1 1472
1 1473
1 1474
1 1475
1 1476
1 1477
1 1478
1 1479
1 1480
1 1481
1 1482
1 1483
1 1484
1 1485
1 1486
1 1487
1 1488
1 1489
1 1490
1 1491
1 1492
1 1493
1 1494
1 1495
1 1496
1 1497
1 1498
1 1499
1 1500
1 1501
1 1502
1 1503
1 1504
1 1505
1 1506
1 1507
1 1508
1 1509
1 1510
1 1511
1 1512
1 1513
1 1514
1 1515
1 1516
1 1517
1 1518
1 1519
1 1520
1 1521
1 1522
1 1523
1 1524
1 1525
1 1526
1 1527
1 1528
1 1529
1 1530
1 1531
1 1532
1 1533
1 1534
1 1535
1 1536
1 1537
1 1538
1 1539
1 1540
1 1541
1 1542
1 1543
1 1544
1 1545
1 1546
1 1547
1 1548
1 1549
1 1550
1 1551
1 1552
1 1553
1 1554
1 1555
1 1556
1 1557
1 1558
1 1559
1 1560
1 1561
1 1562
1 1563
1 1564
1 1565
1 1566
1 1567
1 1568
1 1569
1 1570
1 1571
1 1572
1 1573
1 1574
1 1575
1 1576
1 1577
1 1578
1 1579
1 1580
1 1581
1 1582
1 1583
1 1584
1 1585
1 1586
1 1587
1 1588
1 1589
1 1590
1 1591
1 1592
1 1593
1 1594
1 1595
1 1596
1 1597
1 1598
1 1599
1 1600
1 1601
1 1602
1 1603
1 1604
1 1605
1 1606
1 1607
1 1608
1 1609
1 1610
1 1611
1 1612
1 1613
1 1614
1 1615
1 1616
1 1617
1 1618
1 1619
1 1620
1 1621
1 1622
1 1623
1 1624
1 1625
1 1626
1 1627
1 1628
1 1629
1 1630
1 1631
1 1632
1 1633
1 1634
1 1635
1 1636
1 1637
1 1638
1 1639
1 1640
1 1641
1 1642
1 1643
1 1644
1 1645
1 1646
1 1647
1 1648
1 1649
1 1650
1 1651
1 1652
1 1653
1 1654
1 1655
1 1656
1 1657
1 1658
1 1659
1 1660
1 1661
1 1662
1 1663
1 1664
1 1665
1 1666
1 1667
1 1668
1 1669
1 1670
1 1671
1 1672
1 1673
1 1674
1 1675
1 1676
1 1677
1 1678
1 1679
1 1680
1 1681
1 1682
1 1683
1 1684
1 1685
1 1686
1 1687
1 1688
1 1689
1 1690
1 1691
1 1692
1 1693
1 1694
1 1695
1 1696
1 1697
1 1698
1 1699
1 1700
1 1701
1 1702
1 1703
1 1704
1 1705
1 1706
1 1707
1 1708
1 1709
1 1710
1 1711
1 1712
1 1713
1 1714
1 1715
1 1716
1 1717
1 1718
1 1719
1 1720
1 1721
1 1722
1 1723
1 1724
1 1725
1 1726
1 1727
1 1728
1 1729
1 1730
1 1731
1 1732
1 1733
1 1734
1 1735
1 1736
1 1737
1 1738
1 1739
1 1740
1 1741
1 1742
1 1743
1 1744
1 1745
1 1746
1 1747
1 1748
1 1749
1 1750
1 1751
1 1752
1 1753
1 1754
1 1755
1 1756
1 1757
1 1758
1 1759
1 1760
1 1761
1 1762
1 1763
1 1764
1 1765
1 1766
1 1767
1 1768
1 1769
1 1770
1 1771
1 1772
1 1773
1 1774
1 1775
1 1776
1 1777
1 1778
1 1779
1 1780
1 1781
1 1782
1 1783
1 1784
1 1785
1 1786
1 1787
1 1788
1 1789
1 1790
1 1791
1 1792
1 1793
1 1794
1 1795
1 1796
1 1797
1 1798
1 1799
1 1800
1 1801
1 1802
1 1803
1 1804
1 1805
1 1806
1 1807
1 1808
1 1809
1 1810
1 1811
1 1812
1 1813
1 1814
1 1815
1 1816
1 1817
1 1818
1 1819
1 1820
1 1821
1 1822
1 1823
1 1824
1 1825
1 1826
1 1827
1 1828
1 1829
1 1830
1 1831
1 1832
1 1833
1 1834
1 1835
1 1836
1 1837
1 1838
1 1839
1 1840
1 1841
1 1842
1 1843
1 1844
1 1845
1 1846
1 1847
1 1848
1 1849
1 1850
1 1851
1 1852
1 1853
1 1854
1 1855
1 1856
1 1857
1 1858
1 1859
1 1860
1 1861
1 1862
1 1863
1 1864
1 1865
1 1866
1 1867
1 1868
1 1869
1 1870
1 1871
1 1872
1 1873
1 1874
1 1875
1 1876
1 1877
1 1878
1 1879
1 1880
1 1881
1 1882
1 1883
1 1884
1 1885
1 1886
1 1887
1 1888
1 1889
1 1890
1 1891
1 1892
1 1893
1 1894
1 1895
1 1896
1 1897
1 1898
1 1899
1 1900
1 1901
1 1902
1 1903
1 1904
1 1905
1 1906
1 1907
1 1908
1 1909
1 1910
1 1911
1 1912
1 1913
1 1914
1 1915
1 1916
1 1917
1 1918
1 1919
1 1920
1 1921
1 1922
1 1923
1 1924
1 1925
1 1926
1 1927
1 1928
1 1929
1 1930
1 1931
1 1932
1 1933
1 1934
1 1935
1 1936
1 1937
1 1938
1 1939
1 1940
1 1941
1 1942
1 1943
1 1944
1 1945
1 1946
1 1947
1 1948
1 1949
1 1950
1 1951
1 1952
1 1953
1 1954
1 1955
1 1956
1 1957
1 1958
1 1959
1 1960
1 1961
1 1962
1 1963
1 1964
1 1965
1 1966
1 1967
1 1968
1 1969
1 1970
1 1971
1 1972
1 1973
1 1974
1 1975
1 1976
1 1977
1 1978
1 1979
1 1980
1 1981
1 1982
1 1983
1 1984
1 1985
1 1986
1 1987
1 1988
1 1989
1 1990
1 1991
1 1992
1 1993
1 1994
1 1995
1 1996
1 1997
1 1998
1 1999
1 2000
1 2001
1 2002
1 2003
1 2004
1 2005
1 2006
1 2007
1 2008
1 2009
1 2010
1 2011
1 2012
1 2013
1 2014
1 2015
1 2016
1 2017
1 2018
1 2019
1 2020
1 2021
1 2022
1 2023
1 2024
1 2025
1 2026
1 2027
1 2028
1 2029
1 2030
1 2031
1 2032
1 2033
1 2034
1 2035
1 2036
1 2037
1 2038
1 2039
1 2040
1 2041
1 2042
1 2043
1 2044
1 2045
1 2046
1 2047
1 2048
1 2049
1 2050
1 2051
1 2052
1 2053
1 2054
1 2055
1 2056
1 2057
1 2058
1 2059
1 2060
1 2061
1 2062
1 2063
1 2064
1 2065
1 2066
1 2067
1 2068
1 2069
1 2070
1 2071
1 2072
1 2073
1 2074
1 2075
1 2076
1 2077
1 2078
1 2079
1 2080
1 2081
1 2082
1 2083
1 2084
1 2085
1 2086
1 2087
1 2088
1 2089
1 2090
1 2091
1 2092
1 2093
1 2094
1 2095
1 2096
1 2097
1 2098
1 2099
1 2100
1 2101
1 2102
1 2103
1 2104
1 2105
1 2106
1 2107
1 2108
1 2109
1 2110
1 2111
1 2112
1 2113
1 2114
1 2115
1 2116
1 2117
1 2118
1 2119
1 2120
1 2121
1 2122
1 2123
1 2124
1 2125
1 2126
1 2127
1 2128
1 2129
1 2130
1 2131
1 2132
1 2133
1 2134
1 2135
1 2136
1 2137
1 2138
1 2139
1 2140
1 2141
1 2142
1 2143
1 2144
1 2145
1 2146
1 2147
1 2148
1 2149
1 2150
1 2151
1 2152
1 2153
1 2154
1 2155
1 2156
1 2157
1 2158
1 2159
1 2160
1 2161
1 2162
1 2163
1 2164
1 2165
1 2166
1 2167
1 2168
1 2169
1 2170
1 2171
1 2172
1 2173
1 2174
1 2175
1 2176
1 2177
1 2178
1 2179
1 2180
2 3
2 4
2 5
2 6
2 7
2 8
2 9
2 15
2 16
2 20
2 21
2 22
2 24
2 26
2 28
2 31
2 35
2 38
2 41
2 47
2 48
2 49
2 51
2 56
2 57
2 60
2 61
2 63
2 65
2 67
2 85
2 86
2 92
2 93
2 100
2 101
2 126
2 131
2 133
2 134
2 138
2 148
2 171
2 173
2 180
2 183
2 196
2 197
2 199
2 209
2 217
2 222
2 242
2 243
2 247
2 248
2 251
2 269
2 367
2 377
2 388
2 417
2 423
2 440
2 445
2 455
2 457
2 460
2 464
2 465
2 466
2 468
2 476
2 522
2 547
2 551
2 563
2 579
2 580
2 603
2 604
2 631
2 653
2 662
2 676
2 679
2 684
2 716
2 718
2 721
2 739
2 801
2 802
2 831
2 858
2 871
2 872
2 874
2 899
2 901
2 902
2 903
2 913
2 914
2 922
2 923
2 926
2 928
2 930
2 932
2 936
2 937
2 938
2 940
2 941
2 943
2 946
2 1079
2 1120
2 1122
2 1127
2 1128
2 1163
2 1201
2 1204
2 1209
2 1262
2 1285
2 1286
2 1291
2 1295
2 1299
2 1342
2 1466
2 1469
2 1481
2 1489
2 1509
2 1555
2 1584
2 1623
2 1626
2 1630
2 1639
2 1640
2 1645
2 1656
2 1663
2 1696
2 1703
2 1706
2 1713
2 1730
2 1745
2 1766
2 1777
2 1783
2 1789
2 1814
2 1882
2 1928
2 1966
2 1968
2 2072
2 2077
2 2097
2 2109
2 2119
2 2120
2 2154
2 2318
2 2546
2 2572
2 2591
2 2601
2 2621
2 2673
2 2676
2 2716
2 2720
2 2764
2 2786
2 2812
2 2867
2 2892
2 3046
2 3194
2 3211
2 3214
2 3215
2 3218
2 3223
2 3225
2 3226
2 3254
2 3311
2 3322
2 3331
2 3465
2 3527
2 3657
2 3664
2 3665
2 3680
2 3683
2 3689
2 3845
2 3893
2 3894
2 3959
2 3966
2 3967
2 3968
2 3969
2 3970
2 3971
2 3972
2 3973
2 3974
2 3975
2 3976
2 3977
2 3978
2 3979
2 3980
2 3981
2 3982
2 3983
2 3984
2 3985
2 3986
2 3987
2 3988
2 3989
2 3990
2 3991
2 3992
2 3993
2 3994
2 3995
2 3996
2 3997
2 3998
2 3999
2 4000
2 4001
2 4002
2 4003
2 4004
2 4005
2 4006
2 4007
2 4008
2 4009
2 4010
2 4011
2 4012
2 4013
2 4014
2 4015
2 4016
2 4017
2 4018
2 4019
2 4020
2 4021
2 4022
2 4023
2 4024
2 4025
2 4026
2 4027
2 4028
2 4029
2 4030
2 4031
2 4032
2 4033
2 4034
2 4035
2 4036
2 4037
2 4038
2 4039
3 4
3 5
3 6
3 7
3 8
3 9
3 12
3 16
3 19
3 20
3 21
3 22
3 24
3 26
3 27
3 28
3 31
3 33
3 38
3 41
3 45
3 47
3 48
3 49
3 50
3 51
3 52
3 53
3 56
3 60
3 63
3 65
3 67
3 85
3 86
3 92
3 100
3 101
3 105
3 131
3 135
3 138
3 148
3 173
3 176
3 180
3 183
3 196
3 199
3 209
3 217
3 224
3 242
3 248
3 301
3 338
3 417
3 438
3 468
3 476
3 547
3 563
3 579
3 600
3 631
3 653
3 662
3 698
3 716
3 766
3 801
3 822
3 823
3 826
3 871
3 872
3 874
3 899
3 902
3 903
3 904
3 905
3 907
3 913
3 914
3 920
3 923
3 926
3 928
3 930
3 931
3 932
3 938
3 940
3 941
3 943
3 944
3 946
3 1040
3 1079
3 1112
3 1311
3 1423
3 1497
3 1675
3 1706
3 1740
3 1859
3 1894
3 2031
3 2077
3 2109
3 2249
3 3045
3 3254
3 3377
3 3447
3 3458
3 3506
3 3892
3 3893
3 3894
3 3895
3 3896
3 3897
4 5
4 6
4 8
4 10
4 15
4 16
4 18
4 20
4 22
4 24
4 26
4 38
4 41
4 45
4 47
4 48
4 51
4 56
4 60
4 85
4 86
4 92
4 101
4 129
4 131
4 133
4 148
4 180
4 196
4 199
4 219
4 248
4 475
4 551
4 552
4 631
4 653
4 856
4 857
4 858
4 859
4 860
4 861
4 862
4 863
4 864
4 865
4 866
4 867
4 868
4 869
4 870
4 871
4 872
4 873
4 874
4 875
4 876
4 877
4 878
4 879
4 880
4 881
4 882
4 883
4 884
4 885
4 886
4 887
4 888
4 889
4 890
4 891
4 892
4 893
4 894
4 895
5 6
5 7
5 8
5 9
5 10
5 15
5 16
5 19
5 20
5 21
5 22
5 24
5 26
5 27
5 28
5 31
5 36
5 38
5 41
5 45
5 47
5 51
5 52
5 53
5 56
5 60
5 63
5 67
5 85
5 86
5 92
5 93
5 101
5 105
5 107
5 131
5 133
5 138
5 148
5 180
5 183
5 196
5 197
5 199
5 217
5 242
5 248
5 381
5 383
5 388
5 393
5 398
5 401
5 407
5 408
5 409
5 410
5 415
5 422
5 426
5 427
5 431
5 435
5 468
5 469
5 492
5 502
5 503
5 519
5 526
5 543
5 579
5 600
5 617
5 653
5 662
5 669
5 716
5 801
5 817
5 819
5 845
5 858
5 871
5 874
5 897
5 898
5 899
5 900
5 901
5 902
5 903
5 904
5 905
5 906
5 907
5 908
5 909
5 910
5 911
5 912
5 913
5 914
5 915
5 916
5 917
5 918
5 919
5 920
5 921
5 922
5 923
5 924
5 925
5 926
5 927
5 928
5 929
5 930
5 931
5 932
5 933
5 934
5 935
5 936
5 937
5 938
5 939
5 940
5 941
5 942
5 943
5 944
5 945
5 946
6 7
6 8
6 9
6 10
6 16
6 18
6 19
6 20
6 21
6 22
6 24
6 27
6 34
6 35
6 38
6 41
6 42
6 47
6 48
6 49
6 51
6 56
6 57
6 59
6 60
6 61
6 63
6 67
6 70
6 76
6 77
6 81
6 82
6 85
6 86
6 92
6 93
6 101
6 105
6 117
6 119
6 126
6 129
6 131
6 133
6 146
6 148
6 167
6 173
6 179
6 180
6 186
6 196
6 199
6 207
6 210
6 251
6 275
6 277
6 279
6 282
6 294
6 309
6 311
6 322
6 327
6 328
6 333
6 343
6 344
6 345
6 352
6 367
6 368
6 369
6 372
6 380
6 381
6 383
6 388
6 409
6 432
6 438
6 447
6 456
6 476
6 483
6 508
6 545
6 547
6 582
6 605
6 608
6 612
6 629
6 631
6 636
6 652
6 653
6 655
6 657
6 662
6 665
6 666
6 690
6 698
6 703
6 706
6 712
6 716
6 720
6 725
6 726
6 729
6 730
6 731
6 738
6 742
6 743
6 746
6 747
6 751
6 771
6 779
6 780
6 803
6 843
6 847
6 858
6 871
6 874
6 920
6 923
6 926
6 927
6 933
6 936
6 938
6 939
6 940
6 946
6 996
6 1029
6 1032
6 1057
6 1061
6 1063
6 1067
6 1069
6 1087
6 1093
6 1094
6 1101
6 1104
6 1108
6 1119
6 1153
6 1154
6 1162
6 1164
6 1166
6 1172
6 1176
6 1179
6 1191
6 1194
6 1208
6 1219
6 1235
6 1272
6 1286
6 1287
6 1291
6 1303
6 1311
6 1316
6 1318
6 1328
6 1339
6 1345
6 1346
6 1348
6 1359
6 1364
6 1366
6 1374
6 1398
6 1399
6 1400
6 1403
6 1409
6 1418
6 1434
6 1437
6 1453
6 1459
6 1465
6 1467
6 1476
6 1485
6 1493
6 1496
6 1499
6 1526
6 1531
6 1533
6 1537
6 1539
6 1540
6 1541
6 1547
6 1550
6 1555
6 1588
6 1600
6 1604
6 1618
6 1632
6 1633
6 1646
6 1649
6 1654
6 1659
6 1661
6 1669
6 1672
6 1674
6 1688
6 1693
6 1699
6 1708
6 1714
6 1717
6 1720
6 1723
6 1732
6 1738
6 1746
6 1751
6 1752
6 1753
6 1755
6 1756
6 1757
6 1758
6 1759
6 1760
6 1761
6 1763
6 1773
6 1785
6 1788
6 1799
6 1807
6 1808
6 1809
6 1816
6 1826
6 1834
6 1835
6 1836
6 1837
6 1846
6 1853
6 1857
6 1858
6 1875
6 1876
6 1877
6 1880
6 1893
6 1895
6 1896
6 1897
6 1898
6 1899
6 1900
6 1901
6 1918
6 1920
6 1921
6 1924
6 1933
6 1934
6 1939
6 1941
6 1942
6 1953
6 1964
6 1966
6 1977
6 1983
6 1985
6 1989
6 1994
6 1996
6 2004
6 2005
6 2006
6 2007
6 2008
6 2009
6 2010
6 2012
6 2013
6 2014
6 2015
6 2016
6 2019
6 2033
6 2063
6 2067
6 2083
6 2159
6 2166
6 2170
6 2171
6 2180
6 2193
6 2194
6 2199
6 2552
6 2560
6 2562
6 2572
6 2576
6 2580
6 2583
6 2587
6 2591
6 2594
6 2596
6 2614
6 2617
6 2622
6 2632
6 2633
6 2642
6 2645
6 2648
6 2660
6 2665
6 2674
6 2679
6 2682
6 2695
6 2697
6 2704
6 2714
6 2715
6 2729
6 2735
6 2737
6 2739
6 2740
6 2745
6 2746
6 2747
6 2749
6 2752
6 2753
6 2756
6 2758
6 2767
6 2768
6 2771
6 2772
6 2776
6 2783
6 2784
6 2785
6 2787
6 2789
6 2790
6 2791
6 2792
6 2793
6 2797
6 2801
6 2802
6 2803
6 2804
6 2805
6 2806
6 2807
6 2811
6 2816
6 2817
6 2822
6 2823
6 2824
6 2825
6 2826
6 2827
6 2834
6 2836
6 2837
6 2838
6 2839
6 2840
6 2841
6 2849
6 2854
6 2871
6 2880
6 2888
6 2897
6 2898
6 2907
6 2912
6 2915
6 2926
6 3058
6 3090
6 3190
6 3191
6 3216
6 3222
6 3227
6 3228
6 3269
6 3316
6 3318
6 3321
6 3328
6 3330
6 3339
6 3404
6 3410
6 3436
6 3450
6 3451
6 3475
6 3572
6 3621
6 3626
6 3650
6 3666
6 3668
6 3676
6 3685
6 3693
6 3696
6 3697
6 3700
6 3705
6 3706
6 3714
6 3735
6 3740
6 3774
6 3825
6 3837
6 3892
6 3896
6 3921
6 3932
6 3953
6 3965
6 3968
6 3986
6 4001
6 4004
6 4007
6 4027
6 4040
6 4063
6 4107
6 4219
6 4302
6 4305
6 4374
6 4380
6 4398
6 4400
6 4402
6 4418
6 4424
6 4425
6 4434
6 4454
6 4469
6 4476
6 4485
6 4509
6 4521
6 4522
6 4523
6 4524
6 4525
6 4526
6 4527
6 4528
6 4529
6 4530
6 4531
6 4532
6 4533
6 4534
6 4535
6 4536
6 4537
6 4538
6 4539
6 4540
6 4541
6 4542
6 4543
6 4544
6 4545
6 4546
6 4547
6 4548
6 4549
6 4550
6 4551
6 4552
6 4553
6 4554
6 4555
6 4556
6 4557
6 4558
6 4559
6 4560
6 4561
6 4562
6 4563
6 4564
6 4565
6 4566
6 4567
6 4568
6 4569
6 4570
6 4571
6 4572
6 4573
6 4574
6 4575
6 4576
6 4577
6 4578
6 4579
6 4580
6 4581
6 4582
6 4583
6 4584
6 4585
6 4586
6 4587
6 4588
6 4589
6 4590
6 4591
6 4592
6 4593
6 4594
6 4595
6 4596
6 4597
6 4598
6 4599
6 4600
6 4601
6 4602
6 4603
6 4604
6 4605
6 4606
6 4607
6 4608
6 4609
6 4610
6 4611
6 4612
6 4613
6 4614
6 4615
6 4616
6 4617
6 4618
6 4619
6 4620
6 4621
6 4622
6 4623
6 4624
6 4625
6 4626
6 4627
6 4628
6 4629
6 4630
6 4631
6 4632
6 4633
6 4634
6 4635
6 4636
6 4637
6 4638
6 4639
6 4640
6 4641
6 4642
6 4643
6 4644
6 4645
6 4646
6 4647
6 4648
6 4649
6 4650
6 4651
6 4652
6 4653
6 4654
6 4655
6 4656
6 4657
6 4658
6 4659
6 4660
6 4661
6 4662
6 4663
6 4664
6 4665
6 4666
6 4667
6 4668
6 4669
6 4670
6 4671
6 4672
6 4673
6 4674
6 4675
6 4676
6 4677
6 4678
6 4679
6 4680
6 4681
6 4682
6 4683
6 4684
6 4685
6 4686
6 4687
6 4688
6 4689
6 4690
6 4691
6 4692
6 4693
6 4694
6 4695
6 4696
6 4697
6 4698
6 4699
6 4700
6 4701
6 4702
6 4703
6 4704
6 4705
6 4706
6 4707
6 4708
6 4709
6 4710
6 4711
6 4712
6 4713
6 4714
6 4715
6 4716
6 4717
6 4718
6 4719
6 4720
7 9
7 12
7 13
7 15
7 16
7 20
7 21
7 22
7 23
7 24
7 26
7 28
7 29
7 30
7 32
7 34
7 38
7 45
7 47
7 48
7 49
7 51
7 52
7 56
7 57
7 60
7 61
7 63
7 67
7 72
7 74
7 76
7 77
7 85
7 92
7 93
7 101
7 110
7 126
7 131
7 133
7 136
7 148
7 167
7 170
7 173
7 176
7 180
7 183
7 195
7 197
7 206
7 210
7 221
7 257
7 266
7 270
7 282
7 290
7 293
7 296
7 300
7 309
7 328
7 352
7 380
7 391
7 453
7 485
7 500
7 515
7 540
7 544
7 560
7 576
7 577
7 592
7 622
7 624
7 633
7 653
7 657
7 677
7 680
7 689
7 694
7 702
7 706
7 715
7 735
7 771
7 809
7 848
7 858
7 899
7 902
7 914
7 922
7 923
7 928
7 1027
7 1057
7 1059
7 1061
7 1062
7 1063
7 1064
7 1065
7 1067
7 1068
7 1070
7 1072
7 1073
7 1074
7 1076
7 1077
7 1078
7 1079
7 1080
7 1081
7 1082
7 1084
7 1087
7 1088
7 1094
7 1108
7 1112
7 1120
7 1242
7 1251
7 1255
7 1307
7 1325
7 1346
7 1359
7 1361
7 1393
7 1397
7 1424
7 1439
7 1446
7 1459
7 1487
7 1522
7 1528
7 1531
7 1553
7 1579
7 1602
7 1604
7 1642
7 1646
7 1666
7 1667
7 1680
7 1704
7 1720
7 1753
7 1760
7 1789
7 1890
7 1896
7 1908
7 1929
7 1933
7 1951
7 1975
7 1976
7 1984
7 1997
7 2001
7 2002
7 2024
7 2034
7 2036
7 2045
7 2081
7 2090
7 2110
7 2111
7 2121
7 2134
7 2156
7 2176
7 2177
7 2179
7 2194
7 2412
7 2545
7 2569
7 2570
7 2571
7 2572
7 2573
7 2574
7 2576
7 2577
7 2578
7 2579
7 2580
7 2581
7 2594
7 2610
7 2614
7 2617
7 2628
7 2643
7 2644
7 2654
7 2673
7 2719
7 2722
7 2751
7 2754
7 2778
7 2806
7 2807
7 2840
7 2881
7 3116
7 3120
7 3146
7 3188
7 3189
7 3190
7 3192
7 3193
7 3224
7 3236
7 3316
7 3325
7 3330
7 3339
7 3377
7 3436
7 3450
7 3462
7 3519
7 3523
7 3647
7 3648
7 3649
7 3667
7 3706
7 3712
7 3727
7 3747
7 3752
7 3805
7 3966
7 3968
7 3984
7 4016
7 4026
7 4229
7 4362
7 4426
7 4430
7 4485
7 4492
7 4521
7 4522
7 4523
7 4524
7 4525
7 4526
7 4527
7 4529
7 4530
7 4531
7 4532
7 4533
7 4534
7 4535
7 4536
7 4537
7 4539
7 4547
7 4548
7 4585
7 4587
7 4589
7 4599
7 4603
7 4611
7 4613
7 4620
7 4626
7 4630
7 4640
7 4650
7 4656
7 4659
7 4660
7 4678
7 4679
7 4680
7 4682
7 4697
7 4698
7 4702
7 4708
7 4709
7 4711
7 4759
7 4837
7 4842
7 4887
7 4901
7 4939
7 4966
7 4970
7 5035
7 5040
7 5060
7 5080
7 5081
7 5180
7 5273
7 5303
7 5304
7 5549
7 5556
7 5603
7 5609
7 5612
7 5617
7 5647
7 5648
7 5649
7 5653
7 5661
7 5686
7 5687
7 5689
7 5693
7 5739
7 5745
7 5752
7 5759
7 5804
7 5808
7 5811
7 5830
7 5832
7 5834
7 5985
7 5986
7 5987
7 5988
7 5989
7 5990
7 5991
7 5992
7 5993
7 5994
7 5995
7 5996
7 5997
7 5998
7 5999
7 6000
7 6001
7 6002
7 6003
7 6004
7 6005
7 6006
7 6007
7 6008
7 6009
7 6010
7 6011
7 6012
7 6013
7 6014
7 6015
7 6016
7 6017
7 6018
7 6019
7 6020
7 6021
7 6022
7 6023
7 6024
7 6025
7 6026
7 6027
7 6028
7 6029
7 6030
7 6031
7 6032
7 6033
8 9
8 10
8 21
8 22
8 24
8 26
8 33
8 45
8 47
8 56
8 60
8 63
8 67
8 92
8 93
8 101
8 131
8 148
8 170
8 173
8 180
8 197
8 199
8 207
8 209
8 242
8 244
8 248
8 537
8 539
8 561
8 562
8 631
8 653
8 716
8 872
8 902
8 928
8 930
8 932
8 938
8 946
8 1112
8 1121
8 2109
8 2307
8 2464
8 3045
8 3254
8 3469
8 3531
8 3532
8 3533
8 3534
8 3535
8 3536
8 3537
8 3538
8 3539
8 3540
8 3541
8 3542
8 3543
8 3544
8 3545
8 3546
8 3547
8 3548
8 3549
8 3550
8 3551
8 3552
8 3553
8 3554
8 3555
8 3556
8 3557
8 3558
8 3559
8 3560
8 3561
8 3562
8 3563
8 3564
8 3565
8 3566
8 3567
8 3568
8 3569
8 3570
8 3571
8 3572
8 3573
8 3574
8 3575
8 3576
8 3577
8 3578
8 3579
8 3580
8 3581
8 3582
9 10
9 15
9 16
9 18
9 19
9 20
9 21
9 22
9 24
9 25
9 26
9 27
9 28
9 30
9 31
9 34
9 35
9 38
9 41
9 45
9 47
9 48
9 49
9 51
9 52
9 56
9 57
9 59
9 60
9 61
9 63
9 70
9 72
9 76
9 77
9 82
9 84
9 85
9 86
9 87
9 89
9 90
9 92
9 101
9 105
9 108
9 110
9 114
9 118
9 119
9 123
9 126
9 129
9 131
9 133
9 134
9 146
9 148
9 167
9 170
9 171
9 176
9 180
9 182
9 195
9 196
9 200
9 207
9 215
9 216
9 220
9 221
9 224
9 235
9 240
9 248
9 251
9 256
9 257
9 259
9 266
9 267
9 276
9 277
9 283
9 285
9 287
9 296
9 305
9 306
9 309
9 315
9 319
9 325
9 326
9 351
9 352
9 367
9 368
9 369
9 372
9 391
9 394
9 438
9 441
9 446
9 448
9 459
9 462
9 511
9 515
9 540
9 547
9 551
9 579
9 586
9 602
9 612
9 623
9 631
9 633
9 635
9 636
9 653
9 657
9 659
9 663
9 666
9 670
9 673
9 684
9 689
9 691
9 696
9 698
9 715
9 716
9 744
9 745
9 753
9 755
9 759
9 765
9 767
9 771
9 778
9 780
9 785
9 789
9 819
9 820
9 832
9 843
9 844
9 848
9 858
9 874
9 902
9 904
9 922
9 938
9 940
9 941
9 1005
9 1029
9 1031
9 1032
9 1039
9 1050
9 1057
9 1063
9 1073
9 1076
9 1079
9 1085
9 1091
9 1095
9 1096
9 1102
9 1105
9 1108
9 1117
9 1118
9 1119
9 1135
9 1138
9 1156
9 1174
9 1179
9 1181
9 1185
9 1188
9 1191
9 1203
9 1214
9 1216
9 1217
9 1219
9 1235
9 1236
9 1253
9 1259
9 1268
9 1269
9 1272
9 1273
9 1274
9 1276
9 1277
9 1278
9 1279
9 1280
9 1281
9 1283
9 1284
9 1286
9 1287
9 1296
9 1298
9 1311
9 1316
9 1318
9 1319
9 1334
9 1335
9 1343
9 1350
9 1354
9 1374
9 1380
9 1382
9 1383
9 1397
9 1402
9 1409
9 1411
9 1417
9 1423
9 1426
9 1429
9 1441
9 1445
9 1447
9 1458
9 1459
9 1464
9 1465
9 1466
9 1470
9 1477
9 1491
9 1495
9 1505
9 1514
9 1515
9 1523
9 1527
9 1547
9 1550
9 1577
9 1582
9 1583
9 1585
9 1588
9 1597
9 1601
9 1605
9 1608
9 1609
9 1610
9 1612
9 1623
9 1632
9 1655
9 1657
9 1658
9 1659
9 1661
9 1672
9 1674
9 1677
9 1688
9 1700
9 1701
9 1707
9 1708
9 1713
9 1715
9 1718
9 1720
9 1744
9 1751
9 1752
9 1753
9 1762
9 1765
9 1767
9 1768
9 1769
9 1770
9 1771
9 1772
9 1774
9 1777
9 1778
9 1786
9 1792
9 1795
9 1798
9 1805
9 1806
9 1809
9 1811
9 1812
9 1813
9 1814
9 1817
9 1818
9 1820
9 1821
9 1831
9 1839
9 1840
9 1841
9 1843
9 1853
9 1868
9 1871
9 1879
9 1889
9 1897
9 1898
9 1900
9 1902
9 1903
9 1915
9 1918
9 1922
9 1924
9 1927
9 1931
9 1933
9 1934
9 1935
9 1936
9 1937
9 1938
9 1940
9 1942
9 1943
9 1946
9 1947
9 1950
9 1951
9 1954
9 1969
9 1977
9 1980
9 1981
9 1985
9 1989
9 1996
9 1997
9 1999
9 2001
9 2002
9 2003
9 2004
9 2006
9 2018
9 2038
9 2042
9 2050
9 2054
9 2059
9 2065
9 2084
9 2088
9 2092
9 2098
9 2099
9 2118
9 2133
9 2141
9 2153
9 2155
9 2167
9 2172
9 2176
9 2177
9 2180
9 2542
9 2550
9 2554
9 2567
9 2568
9 2569
9 2570
9 2571
9 2572
9 2573
9 2574
9 2575
9 2576
9 2577
9 2578
9 2579
9 2580
9 2581
9 2582
9 2583
9 2584
9 2585
9 2586
9 2587
9 2588
9 2589
9 2590
9 2591
9 2592
9 2593
9 2594
9 2595
9 2596
9 2597
9 2598
9 2599
9 2600
9 2601
9 2602
9 2603
9 2604
9 2605
9 2606
9 2607
9 2608
9 2609
9 2610
9 2611
9 2612
9 2613
9 2614
9 2615
9 2616
9 2617
9 2618
9 2619
9 2620
9 2621
9 2622
9 2623
9 2624
9 2625
9 2626
9 2627
9 2628
9 2629
9 2630
9 2631
9 2632
9 2633
9 2634
9 2635
9 2636
9 2637
9 2638
9 2639
9 2640
9 2641
9 2642
9 2643
9 2644
9 2645
9 2646
9 2647
9 2648
9 2649
9 2650
9 2651
9 2652
9 2653
9 2654
9 2655
9 2656
9 2657
9 2658
9 2659
9 2660
9 2661
9 2662
9 2663
9 2664
9 2665
9 2666
9 2667
9 2668
9 2669
9 2670
9 2671
9 2672
9 2673
9 2674
9 2675
9 2676
9 2677
9 2678
9 2679
9 2680
9 2681
9 2682
9 2683
9 2684
9 2685
9 2686
9 2687
9 2688
9 2689
9 2690
9 2691
9 2692
9 2693
9 2694
9 2695
9 2696
9 2697
9 2698
9 2699
9 2700
9 2701
9 2702
9 2703
9 2704
9 2705
9 2706
9 2707
9 2708
9 2709
9 2710
9 2711
9 2712
9 2713
9 2714
9 2715
9 2716
9 2717
9 2718
9 2719
9 2720
9 2721
9 2722
9 2723
9 2724
9 2725
9 2726
9 2727
9 2728
9 2729
9 2730
9 2731
9 2732
9 2733
9 2734
9 2735
9 2736
9 2737
9 2738
9 2739
9 2740
9 2741
9 2742
9 2743
9 2744
9 2745
9 2746
9 2747
9 2748
9 2749
9 2750
9 2751
9 2752
9 2753
9 2754
9 2755
9 2756
9 2757
9 2758
9 2759
9 2760
9 2761
9 2762
9 2763
9 2764
9 2765
9 2766
9 2767
9 2768
9 2769
9 2770
9 2771
9 2772
9 2773
9 2774
9 2775
9 2776
9 2777
9 2778
9 2779
9 2780
9 2781
9 2782
9 2783
9 2784
9 2785
9 2786
9 2787
9 2788
9 2789
9 2790
9 2791
9 2792
9 2793
9 2794
9 2795
9 2796
9 2797
9 2798
9 2799
9 2800
9 2801
9 2802
9 2803
9 2804
9 2805
9 2806
9 2807
9 2808
9 2809
9 2810
9 2811
9 2812
9 2813
9 2814
9 2815
9 2816
9 2817
9 2818
9 2819
9 2820
9 2821
9 2822
9 2823
9 2824
9 2825
9 2826
9 2827
9 2828
9 2829
9 2830
9 2831
9 2832
9 2833
9 2834
9 2835
9 2836
9 2837
9 2838
9 2839
9 2840
9 2841
9 2842
9 2843
9 2844
9 2845
9 2846
9 2847
9 2848
9 2849
9 2850
9 2851
9 2852
9 2853
9 2854
9 2855
9 2856
9 2857
9 2858
9 2859
9 2860
9 2861
9 2862
9 2863
9 2864
9 2865
9 2866
9 2867
9 2868
9 2869
9 2870
9 2871
9 2872
9 2873
9 2874
9 2875
9 2876
9 2877
9 2878
9 2879
9 2880
9 2881
9 2882
9 2883
9 2884
9 2885
9 2886
9 2887
9 2888
9 2889
9 2890
9 2891
9 2892
9 2893
9 2894
9 2895
9 2896
9 2897
9 2898
9 2899
9 2900
9 2901
9 2902
9 2903
9 2904
9 2905
9 2906
9 2907
9 2908
9 2909
9 2910
9 2911
9 2912
9 2913
9 2914
10 22
10 24
10 26
10 41
10 101
10 131
10 133
10 551
10 579
10 858
10 892
10 1042
10 1733
10 2197
10 2203
10 2928
10 2930
10 2931
10 3278
10 3332
10 3333
10 3334
12 26
12 60
12 100
12 476
12 537
12 629
12 1182
12 1396
12 2591
12 2657
12 2745
12 3253
12 3468
12 4440
12 4573
12 4605
12 4950
12 5231
12 5646
15 98
15 116
15 133
15 395
15 403
15 421
15 429
15 451
15 452
15 464
15 469
15 488
15 533
15 616
15 625
15 837
15 858
15 952
15 954
15 957
15 986
15 996
15 1026
15 1040
15 2325
15 2326
15 2351
15 2357
15 2924
15 2934
15 3117
15 3121
15 3122
15 3145
15 3183
15 5655
15 5656
16 18
16 26
16 28
16 41
16 820
16 1045
16 1189
16 1501
16 1637
16 1892
16 2604
16 2605
16 2606
16 2607
16 3098
16 3506
16 3552
16 3813
16 3814
16 3815
16 3816
16 3817
16 3818
17 500
18 51
18 176
18 653
18 960
18 1054
18 1055
18 1390
18 1911
18 2544
18 3091
18 3092
18 3095
18 3102
18 3106
18 3109
18 3110
18 3111
18 3113
18 3114
18 3115
18 3148
18 3153
18 3159
18 3161
18 3163
18 3164
19 205
19 353
19 502
19 774
19 808
19 1308
19 1635
19 2111
19 2576
19 2754
19 3439
19 4551
19 4597
19 5286
19 5287
19 5288
19 5289
19 5290
19 5291
19 5292
19 5293
19 5294
19 5295
19 5296
19 5297
19 5298
19 5299
20 41
20 47
20 49
20 61
20 263
20 656
20 700
20 713
20 826
20 904
20 1139
20 1204
20 1260
20 1491
20 1558
20 1590
20 1592
20 1672
20 1686
20 1688
20 1842
20 1853
20 1855
20 1856
20 1895
20 1989
20 2147
20 2570
20 2769
20 2792
20 2800
20 3327
20 3453
20 3702
20 4231
20 4388
20 4543
20 4589
20 4654
20 4855
20 4970
20 4971
20 4972
20 4973
20 4974
20 4975
20 4976
20 4977
20 4978
20 4979
20 4980
20 4981
20 4982
20 4983
21 24
21 44
21 100
21 173
21 217
21 243
21 338
21 417
21 535
21 536
21 540
21 550
21 551
21 600
21 698
21 796
21 801
21 822
21 844
21 857
21 922
21 932
21 937
21 1032
21 1117
21 1196
21 1204
21 1295
21 1311
21 1342
21 1558
21 1606
21 1726
21 1728
21 1730
21 1732
21 1739
21 1789
21 1878
21 1966
21 2018
21 2103
21 2109
21 2311
21 2396
21 2592
21 2610
21 2652
21 3254
21 3279
21 3555
21 3680
21 3822
21 3841
21 3845
21 3894
21 3978
21 4010
21 4023
21 4035
21 4145
21 4330
21 4387
21 4449
21 4463
21 4499
21 4544
21 4589
21 4632
21 4761
21 4762
21 4771
21 4869
21 4881
21 4894
21 4974
21 5051
21 5060
21 5062
21 5106
21 5140
21 5177
21 5180
21 5215
21 5218
21 5280
21 5639
21 5718
21 5788
21 5789
21 5790
21 5791
21 5792
21 5793
21 5794
21 5795
21 5796
21 5797
21 5798
21 5799
21 5800
21 5801
21 5802
22 28
22 47
22 59
22 87
22 89
22 90
22 91
22 121
22 123
22 149
22 170
22 171
22 188
22 231
22 261
22 289
22 302
22 304
22 309
22 331
22 337
22 341
22 352
22 372
22 412
22 444
22 600
22 633
22 673
22 674
22 758
22 802
22 904
22 1013
22 1029
22 1052
22 1085
22 1096
22 1102
22 1126
22 1132
22 1136
22 1147
22 1153
22 1168
22 1180
22 1187
22 1198
22 1222
22 1228
22 1233
22 1240
22 1273
22 1275
22 1276
22 1277
22 1280
22 1282
22 1332
22 1348
22 1366
22 1391
22 1411
22 1412
22 1443
22 1449
22 1450
22 1472
22 1498
22 1500
22 1502
22 1505
22 1513
22 1519
22 1590
22 1641
22 1642
22 1648
22 1668
22 1672
22 1700
22 1713
22 1746
22 1756
22 1766
22 1780
22 1791
22 1810
22 1845
22 1857
22 1861
22 1884
22 1897
22 1906
22 1914
22 1915
22 1922
22 1927
22 1945
22 1953
22 1967
22 1968
22 1969
22 1986
22 1989
22 1993
22 1999
22 2029
22 2041
22 2048
22 2051
22 2058
22 2079
22 2080
22 2083
22 2096
22 2102
22 2104
22 2112
22 2121
22 2126
22 2127
22 2131
22 2135
22 2136
22 2137
22 2142
22 2150
22 2151
22 2152
22 2180
22 2580
22 2615
22 2638
22 2639
22 2640
22 2641
22 2672
22 2721
22 2752
22 2766
22 2813
22 2865
22 2868
22 2871
22 2892
22 2896
22 3324
22 3445
22 3647
22 3648
22 3649
22 3650
22 3651
22 3652
22 3653
22 3654
22 3655
22 3656
22 3657
22 3658
22 3659
22 3660
22 3661
22 3662
22 3663
22 3664
22 3665
22 3666
22 3667
22 3668
22 3669
22 3670
22 3671
22 3672
22 3673
22 3674
22 3675
22 3676
22 3677
22 3678
22 3679
22 3680
22 3681
22 3682
22 3683
22 3684
22 3685
22 3686
22 3687
22 3688
22 3689
22 3690
22 3691
22 3692
22 3693
22 3694
22 3695
22 3696
22 3697
22 3698
22 3699
22 3700
22 3701
22 3702
22 3703
22 3704
22 3705
22 3706
22 3707
22 3708
22 3709
22 3710
22 3711
22 3712
22 3713
22 3714
22 3715
22 3716
22 3717
22 3718
22 3719
22 3720
22 3721
22 3722
22 3723
22 3724
22 3725
22 3726
22 3727
22 3728
22 3729
22 3730
22 3731
22 3732
22 3733
22 3734
22 3735
22 3736
22 3737
22 3738
24 41
24 47
24 117
24 196
24 351
24 379
24 600
24 662
24 672
24 717
24 736
24 792
24 798
24 805
24 1301
24 1470
24 1636
24 1643
24 1833
24 1844
24 1894
24 2027
24 2043
24 2105
24 2113
24 2130
24 2174
24 2600
24 2608
24 2710
24 2760
24 2773
24 3315
24 3335
24 3460
24 3463
24 3697
24 3702
24 3716
24 3723
24 3745
24 3954
24 4387
24 4391
24 4399
24 4410
24 4423
24 4494
24 4506
24 4625
24 4662
24 4663
24 4704
24 5052
24 5299
24 5548
24 5557
24 5561
24 5564
24 5568
24 5600
24 5612
24 5613
24 5614
24 5615
24 5616
24 5617
24 5618
24 5619
24 5620
24 5621
24 5622
24 5623
24 5624
24 5625
24 5626
24 5627
24 5628
24 5629
24 5630
24 5631
24 5632
24 5633
25 1059
25 2552
25 2711
25 3893
25 4897
25 4939
25 5735
25 6447
26 28
26 38
26 41
26 47
26 53
26 65
26 127
26 137
26 173
26 181
26 184
26 196
26 207
26 230
26 332
26 391
26 441
26 455
26 484
26 512
26 525
26 526
26 622
26 736
26 794
26 795
26 874
26 1056
26 1130
26 1162
26 1192
26 1235
26 1294
26 1300
26 1307
26 1310
26 1311
26 1320
26 1353
26 1386
26 1406
26 1410
26 1427
26 1479
26 1483
26 1504
26 1543
26 1551
26 1585
26 1644
26 1663
26 1678
26 1679
26 1680
26 1681
26 1682
26 1694
26 1711
26 1743
26 1796
26 1904
26 1948
26 2039
26 2598
26 2728
26 2738
26 2740
26 2870
26 3187
26 3188
26 3189
26 3190
26 3191
26 3192
26 3193
26 3194
26 3195
26 3196
26 3197
26 3198
26 3199
26 3200
26 3201
26 3202
26 3203
26 3204
26 3205
26 3206
26 3207
26 3208
26 3209
26 3210
26 3211
26 3212
26 3213
26 3214
26 3215
26 3216
26 3217
26 3218
26 3219
26 3220
26 3221
26 3222
26 3223
26 3224
26 3225
26 3226
26 3227
26 3228
26 3229
26 3230
26 3231
26 3232
26 3233
26 3234
26 3235
26 3236
26 3237
26 3238
26 3239
27 2646
27 4554
27 4555
27 4661
27 4865
27 5080
27 5081
27 5082
27 5083
27 5084
28 30
28 41
28 51
28 56
28 58
28 60
28 68
28 86
28 100
28 126
28 180
28 252
28 386
28 417
28 442
28 469
28 476
28 538
28 604
28 631
28 796
28 801
28 817
28 843
28 868
28 928
28 946
28 1015
28 1061
28 1116
28 1118
28 1171
28 1295
28 1362
28 1372
28 1384
28 1418
28 1510
28 1534
28 1717
28 1720
28 2115
28 2144
28 2149
28 2176
28 2187
28 2188
28 2193
28 2204
28 2293
28 2299
28 2401
28 2414
28 2422
28 2429
28 2435
28 2437
28 2464
28 2585
28 2610
28 2635
28 2658
28 2660
28 2686
28 2691
28 2692
28 2694
28 2697
28 2747
28 2819
28 3045
28 3058
28 3068
28 3070
28 3072
28 3275
28 3370
28 3435
28 3468
28 3486
28 3502
28 3526
28 3621
28 3626
28 3780
28 3798
28 3808
28 3821
28 3875
28 3900
28 3904
28 3932
28 3959
28 4065
28 4129
28 4288
28 4302
28 4305
28 4334
28 4427
28 4467
28 4490
28 4547
28 4549
28 4577
28 4578
28 4579
28 4581
28 4585
28 4639
28 4725
28 4736
28 4860
28 4928
28 4930
28 4931
28 4932
28 4934
28 4935
28 4936
28 4998
28 5035
28 5096
28 5100
28 5103
28 5134
28 5136
28 5138
28 5143
28 5174
28 5236
28 5322
28 5343
28 5361
28 5386
28 5462
28 5470
28 5522
28 5606
28 5688
28 5753
28 5759
28 5760
28 5761
28 5762
28 5763
28 5764
28 5765
28 5766
28 5767
28 5768
28 5769
28 5770
28 5771
28 5772
28 5773
28 5774
28 5775
28 5776
28 5777
28 5778
28 5779
28 5780
28 5781
28 5782
28 5783
28 5784
28 5785
28 5786
28 5787
30 3506
31 32
31 47
31 60
31 149
31 213
31 267
31 296
31 348
31 711
31 727
31 763
31 769
31 813
31 1074
31 1212
31 1267
31 1316
31 1552
31 1604
31 1819
31 1833
31 2071
31 2075
31 2107
31 2117
31 2567
31 2677
31 2792
31 2831
31 2850
31 3204
31 3315
31 3438
31 3464
31 3731
31 3896
31 3994
31 4014
31 4533
31 4644
31 4645
31 4710
31 4964
31 5053
31 5075
31 5078
31 5284
31 5556
31 5557
31 5558
31 5559
31 5560
31 5561
31 5562
31 5563
31 5564
31 5565
31 5566
31 5567
31 5568
31 5569
31 5570
31 5571
31 5572
31 5573
31 5574
31 5575
33 417
34 188
34 195
34 275
34 338
34 646
34 741
34 1482
34 2058
34 2077
34 2316
34 2676
34 4511
34 4512
34 4538
34 4885
34 4893
34 5588
34 6423
34 6424
35 1229
35 1540
35 1677
35 2316
36 381
37 4397
38 40
38 312
38 321
38 597
38 615
38 689
38 790
38 1068
38 1616
38 1626
38 2128
38 2180
38 2282
38 2414
38 3239
38 3722
38 3732
38 3736
38 3746
38 4395
38 4489
38 4567
38 4710
38 4711
38 5055
38 5585
38 5610
38 5611
38 5616
38 5674
38 5675
38 5676
38 5677
38 5678
38 5679
38 5680
38 5681
38 5682
38 5683
39 624
39 625
39 626
39 627
39 628
41 47
41 92
41 101
41 105
41 108
41 110
41 130
41 147
41 157
41 164
41 167
41 176
41 188
41 227
41 265
41 274
41 292
41 298
41 340
41 342
41 360
41 361
41 362
41 369
41 446
41 472
41 504
41 506
41 528
41 577
41 590
41 604
41 633
41 634
41 635
41 636
41 637
41 638
41 639
41 640
41 641
41 642
41 643
41 644
41 645
41 646
41 647
41 648
41 649
41 650
41 651
41 652
41 653
41 654
41 655
41 656
41 657
41 658
41 659
41 660
41 661
41 662
41 663
41 664
41 665
41 666
41 667
41 668
41 669
41 670
41 671
41 672
41 673
41 674
41 675
41 676
41 677
41 678
41 679
41 680
41 681
41 682
41 683
41 684
41 685
41 686
41 687
41 688
41 689
41 690
41 691
41 692
41 693
41 694
41 695
41 696
41 697
41 698
41 699
41 700
41 701
41 702
41 703
41 704
41 705
41 706
41 707
41 708
41 709
41 710
41 711
41 712
41 713
41 714
41 715
41 716
41 717
41 718
41 719
41 720
41 721
41 722
41 723
41 724
41 725
41 726
41 727
41 728
41 729
41 730
41 731
41 732
41 733
41 734
41 735
41 736
41 737
41 738
41 739
41 740
41 741
41 742
41 743
41 744
41 745
41 746
41 747
41 748
41 749
41 750
41 751
41 752
41 753
41 754
41 755
41 756
41 757
41 758
41 759
41 760
41 761
41 762
41 763
41 764
41 765
41 766
41 767
41 768
41 769
41 770
41 771
41 772
41 773
41 774
41 775
41 776
41 777
41 778
41 779
41 780
41 781
41 782
41 783
41 784
41 785
41 786
41 787
41 788
41 789
41 790
41 791
41 792
41 793
41 794
41 795
41 796
41 797
41 798
41 799
41 800
41 801
41 802
41 803
41 804
41 805
41 806
41 807
41 808
41 809
41 810
41 811
41 812
42 844
42 1091
42 3169
42 3170
42 3171
43 856
43 857
43 883
43 901
43 1114
43 2213
43 2220
43 3365
43 4289
43 4332
43 4339
43 5332
45 823
45 923
45 1577
45 4863
45 4864
46 47
47 49
47 92
47 134
47 173
47 217
47 251
47 255
47 284
47 309
47 328
47 359
47 366
47 372
47 484
47 628
47 645
47 653
47 670
47 695
47 705
47 801
47 805
47 876
47 899
47 914
47 922
47 926
47 937
47 946
47 1032
47 1105
47 1117
47 1187
47 1200
47 1219
47 1271
47 1497
47 1503
47 1521
47 1532
47 1586
47 1803
47 1894
47 1907
47 1949
47 2079
47 2399
47 2555
47 2904
47 3104
47 3150
47 3194
47 3215
47 3733
47 3893
47 3978
47 4030
47 4037
47 4038
47 4334
47 4372
47 4373
47 4374
47 4375
47 4376
47 4377
47 4378
47 4379
47 4380
47 4381
47 4382
47 4383
47 4384
47 4385
47 4386
47 4387
47 4388
47 4389
47 4390
47 4391
47 4392
47 4393
47 4394
47 4395
47 4396
48 1040
48 1107
48 2576
48 2805
48 2829
48 3989
48 4473
48 4496
48 4631
48 4867
49 196
49 316
49 600
49 806
49 1409
49 1431
49 1447
49 1634
49 1800
49 2168
49 3449
49 3721
49 4030
49 4454
49 5241
49 5282
49 5804
49 5805
49 5806
49 5807
50 409
50 416
51 70
51 74
51 328
51 352
51 366
51 368
51 456
51 549
51 550
51 551
51 552
51 553
51 554
51 555
51 556
51 557
51 558
51 559
51 560
51 561
51 562
51 563
51 564
51 565
51 566
51 567
51 568
51 569
51 570
51 571
51 572
51 573
51 574
51 575
51 576
51 577
51 578
51 579
51 580
51 581
51 582
51 583
51 584
51 585
51 586
51 587
51 588
51 589
51 590
51 591
51 592
51 593
51 594
51 595
51 596
51 597
51 598
51 599
51 600
51 601
51 602
51 603
51 604
51 605
51 606
51 607
51 608
51 609
51 610
51 611
51 612
51 613
51 614
51 615
52 183
52 304
52 356
52 422
52 468
52 471
52 519
52 543
52 600
52 844
52 905
52 907
52 914
52 921
52 933
52 943
52 945
52 1486
52 2030
52 2410
52 2627
52 2779
52 3447
52 3458
52 3521
52 3584
52 4385
52 4399
52 4483
52 4490
52 4554
52 4721
52 4752
52 4862
52 4972
52 5052
52 5084
52 5294
52 5298
52 5539
52 5540
52 5541
52 5542
52 5543
52 5544
52 5545
52 5546
52 5547
52 5548
52 5549
52 5550
52 5551
52 5552
52 5553
52 5554
52 5555
53 60
53 415
53 486
53 820
53 821
53 822
53 823
53 824
53 825
53 826
53 827
54 551
54 857
54 1112
54 2252
54 3038
54 3043
54 3265
54 3268
54 4138
54 4178
54 4215
54 4258
54 5339
54 5350
54 5351
54 5412
54 5868
54 6226
55 5175
55 5365
56 62
56 171
56 197
56 267
56 559
56 600
56 826
56 1109
56 1206
56 1219
56 1220
56 1258
56 1365
56 1716
56 1727
56 1728
56 1978
56 2084
56 2659
56 3197
56 3845
56 4378
56 4465
56 4495
56 4695
56 4760
56 4886
56 5056
56 5086
56 5087
56 5088
56 5089
56 5090
56 5091
56 5092
56 5093
56 5094
57 60
57 709
57 799
57 1462
57 1798
57 2591
57 4024
57 4374
57 4557
57 4700
57 4884
57 5089
57 5691
57 5979
57 5980
57 5981
57 5982
58 129
58 550
58 551
58 856
58 894
58 3891
58 5331
58 5343
59 65
59 550
59 857
59 876
59 938
59 1346
59 2181
59 2194
59 3049
59 3307
59 3353
59 3355
59 3364
59 3922
59 3923
59 3924
59 3925
59 3926
59 3927
59 3928
59 3929
59 3930
59 3931
60 101
60 103
60 115
60 134
60 186
60 191
60 221
60 224
60 226
60 290
60 297
60 304
60 313
60 324
60 345
60 351
60 356
60 363
60 364
60 380
60 574
60 583
60 604
60 733
60 745
60 760
60 795
60 872
60 923
60 1118
60 1146
60 1155
60 1258
60 1328
60 1365
60 1423
60 1481
60 1513
60 1558
60 1590
60 1616
60 1695
60 1712
60 1803
60 1843
60 1881
60 2046
60 2106
60 2116
60 2187
60 2488
60 2544
60 2550
60 2551
60 2553
60 2557
60 2608
60 2671
60 2736
60 2810
60 2833
60 2844
60 2857
60 3045
60 3257
60 3327
60 3463
60 3644
60 3668
60 3681
60 3724
60 3956
60 4029
60 4032
60 4118
60 4390
60 4420
60 4470
60 4471
60 4472
60 4473
60 4474
60 4475
60 4476
60 4477
60 4478
60 4479
60 4480
60 4481
60 4482
60 4483
60 4484
60 4485
60 4486
60 4487
60 4488
60 4489
60 4490
60 4491
60 4492
60 4493
60 4494
60 4495
60 4496
60 4497
60 4498
60 4499
60 4500
60 4501
60 4502
60 4503
60 4504
60 4505
60 4506
60 4507
60 4508
60 4509
60 4510
60 4511
60 4512
60 4513
60 4514
60 4515
60 4516
60 4517
61 64
61 132
61 1119
61 1258
61 1520
61 2047
61 2218
61 2667
61 3337
61 3338
61 3339
61 3340
62 242
62 551
62 856
62 857
62 920
62 2265
62 2477
62 3003
62 3012
62 3023
62 3043
62 3061
62 3077
62 3247
62 3362
62 3386
62 3390
62 3803
62 3890
62 4073
62 4134
62 4135
62 4148
62 4213
62 4226
62 4261
62 4278
62 4310
62 4336
62 4338
62 4340
62 5333
62 5337
62 5385
62 5418
62 5426
62 5430
62 5496
62 5786
62 5862
62 6197
62 6217
62 6268
62 6349
62 6350
62 6351
62 6352
62 6353
62 6354
63 238
63 299
63 312
63 410
63 580
63 600
63 741
63 827
63 1382
63 1412
63 1530
63 1596
63 1642
63 1814
63 1865
63 1878
63 1965
63 1966
63 2031
63 2129
63 2592
