63 2610
63 2833
63 2914
63 3194
63 3253
63 3672
63 4387
63 4471
63 4491
63 4500
63 4511
63 4668
63 4763
63 4875
63 4876
63 4877
63 4878
63 4879
63 4880
63 4881
63 4882
63 4883
63 4884
63 4885
63 4886
63 4887
63 4888
63 4889
63 4890
63 4891
63 4892
63 4893
63 4894
63 4895
63 4896
63 4897
63 4898
63 4899
63 4900
64 207
64 550
64 818
64 2216
64 2221
64 2250
64 2262
64 3246
64 3345
64 3346
64 3347
64 3824
64 4138
64 4218
64 4255
64 4256
64 4257
64 4258
64 4259
64 4260
64 4261
64 4262
64 4263
64 4264
64 4265
64 4266
64 4267
64 4268
64 4269
64 4270
64 4271
64 4272
64 4273
64 4274
64 4275
64 4276
64 4277
65 129
65 219
65 247
65 248
65 437
65 469
65 550
65 551
65 552
65 817
65 856
65 857
65 892
65 901
65 903
65 932
65 941
65 1117
65 1119
65 1564
65 2181
65 2184
65 2190
65 2195
65 2204
65 2210
65 2218
65 2237
65 2265
65 2283
65 2468
65 2928
65 2958
65 3075
65 3362
65 3390
65 3803
65 3892
65 4230
65 4332
65 4334
65 4335
65 4336
65 5362
65 5414
65 5415
65 5416
66 3002
66 4216
67 856
67 857
67 980
67 2181
67 2962
67 2964
67 2966
67 2970
67 2973
67 2974
67 2975
67 2989
67 2993
67 2997
67 2998
67 3007
67 3029
67 3500
67 3939
67 4130
67 4131
67 4132
67 4133
67 4134
67 4135
67 4136
67 4137
67 4138
67 4139
67 4140
67 4141
67 4142
67 4143
67 4144
67 4145
67 4146
67 4147
67 4148
67 4149
67 4150
67 4151
67 4152
67 4153
67 4154
68 3015
68 3064
68 3252
68 5095
68 5509
68 6444
68 6445
70 1150
70 1890
70 3233
70 4394
70 6455
72 345
72 1541
72 4394
72 6431
76 171
76 1198
76 1348
76 1413
76 1421
76 1539
76 2019
76 2073
76 2115
76 2138
76 2885
76 2911
76 3339
76 3730
76 4393
76 4394
76 4471
76 4561
76 4887
76 4895
76 5349
76 5842
76 6047
76 6057
76 6144
76 6415
76 6416
76 6417
76 6418
76 6419
76 6420
76 6421
76 6422
77 370
77 1205
77 1245
77 2049
77 2157
77 3669
77 3738
77 4374
77 4394
77 5086
77 5595
77 5667
77 6029
77 6147
77 6425
81 1621
82 1244
82 4394
82 6416
82 6426
82 6427
85 459
85 3893
85 5079
86 93
86 105
86 138
86 438
86 600
86 662
86 678
86 899
86 926
86 931
86 945
86 2116
86 2595
86 2708
86 3311
86 3672
86 3684
86 4397
86 4400
86 4460
86 4461
86 4462
86 4463
86 4464
86 4465
87 774
87 1402
87 3221
87 5293
87 5296
87 5650
88 3970
88 5693
90 6412
91 6040
92 760
92 1468
92 4387
92 4938
92 4939
92 4940
93 418
93 600
94 381
97 384
98 429
99 450
100 535
100 538
100 540
100 1196
100 1738
100 4608
100 4745
100 5136
100 5215
100 5778
101 133
101 406
101 425
101 486
101 669
101 841
101 896
101 947
101 948
101 949
101 950
101 951
102 128
102 2559
102 2678
102 2845
102 2902
102 4539
102 4554
102 4638
102 4866
102 5083
102 5553
102 5985
105 541
105 542
105 658
105 1027
105 1028
105 1029
106 450
107 164
107 381
108 431
108 450
109 450
110 400
110 401
110 2640
110 3308
110 3437
110 4844
110 5970
110 5971
110 5972
110 5973
111 381
111 444
112 381
114 2612
116 456
117 237
117 329
117 664
117 874
117 1419
117 1958
117 1973
117 1974
117 2701
117 4454
117 4504
117 6035
117 6036
118 1047
118 2508
118 3197
118 5123
118 5124
118 5125
118 5126
118 5127
118 5128
119 717
119 1636
119 2771
119 4420
119 4421
119 4422
119 4423
119 4424
121 2712
121 5241
123 2809
125 1066
126 461
126 5651
129 856
129 857
129 984
129 2199
129 2202
129 2226
129 2260
129 3298
129 3476
129 4200
129 4206
129 4207
129 4208
129 4209
129 4210
129 4211
129 4212
130 653
130 5983
131 218
131 593
131 600
131 1148
131 1699
131 1747
131 1748
131 1749
131 1852
131 1991
131 2750
131 2862
131 3362
131 3671
131 3682
131 3740
131 3741
131 3742
131 3743
131 3744
131 3745
131 3746
131 3747
131 3748
131 3749
132 868
132 900
132 995
132 2206
132 2959
132 3018
132 3039
133 395
133 1040
134 3772
134 4390
135 3201
135 5610
135 5611
137 1367
138 3686
144 2615
145 456
146 6456
146 6457
148 3243
148 3244
150 207
152 653
153 653
154 653
154 1458
154 4707
154 6034
155 653
155 3987
156 653
157 653
158 653
158 6027
159 653
160 653
160 2485
161 653
161 6161
162 653
163 653
164 653
164 840
164 4872
164 5743
165 653
165 1387
166 4962
170 475
170 476
171 930
171 1103
172 2637
173 248
173 600
173 922
173 3695
173 4405
173 5285
176 1390
176 3151
176 3152
176 3156
176 3157
176 3158
177 1085
178 1066
180 335
180 600
180 753
180 944
180 1040
180 1317
180 1672
180 1814
180 2100
180 2116
180 2861
180 3315
180 3447
180 3448
180 3449
180 3450
180 3451
180 3452
180 3453
180 3454
180 3455
180 3456
180 3457
180 3458
180 3459
180 3460
180 3461
180 3462
180 3463
180 3464
180 3465
180 3466
180 3467
182 3446
182 6170
183 2268
183 4471
186 1413
186 5688
191 2131
191 4397
192 546
192 3532
196 932
196 1472
196 1693
196 1861
196 2023
196 5666
199 1849
199 1850
199 2026
199 5061
199 5062
200 600
201 1285
202 4546
207 384
207 550
207 677
207 847
207 892
207 2181
207 2197
207 5746
207 5829
209 1032
211 1428
211 1454
211 1474
211 1475
214 3668
216 1872
216 2089
216 4618
216 5295
217 4379
217 4761
219 550
219 857
219 2212
219 3477
219 3478
219 3479
219 3480
220 4570
221 2614
226 1338
228 303
233 629
233 630
235 372
241 475
241 550
241 857
241 1112
241 1574
241 3077
241 4324
241 4327
241 5474
241 5939
241 5940
241 5941
241 5942
242 550
242 856
242 857
242 1560
242 2181
242 4146
242 5432
242 5433
243 3359
243 4471
244 631
245 1563
245 2144
245 6358
245 6359
246 5860
246 5861
246 5953
246 6296
246 6297
247 475
247 579
247 856
247 857
247 2181
247 2482
248 384
248 475
248 550
248 579
248 857
248 902
248 972
248 2293
248 2920
248 3266
248 3446
248 3477
248 3563
248 3847
248 3900
248 3946
248 3949
248 3960
248 4106
248 4202
248 4301
248 4321
248 4337
248 4547
248 4843
248 4912
248 4913
248 4914
248 4915
248 4916
248 4917
248 4918
248 4919
248 4920
248 4921
248 4922
248 4923
248 4924
248 4925
248 4926
250 1346
251 3506
252 1413
253 551
256 1285
257 1032
257 1334
257 1821
257 2134
257 3703
257 4643
257 4763
260 423
263 6046
264 1032
271 1620
275 3506
276 5573
280 1032
280 2614
282 3102
298 1285
299 3106
303 394
315 1032
321 6039
336 3668
340 6443
363 1574
365 2610
371 1382
372 1235
379 380
381 383
381 389
381 390
381 391
381 392
381 397
381 400
381 402
381 411
381 413
381 414
381 424
381 434
381 441
381 450
381 455
381 456
381 468
381 469
381 472
381 477
381 500
381 501
381 502
381 503
381 504
381 505
381 506
381 507
381 508
381 509
381 510
381 511
381 512
381 513
381 514
381 515
381 516
381 517
381 518
381 519
381 520
381 521
381 522
381 523
381 524
381 525
381 526
381 527
381 528
381 529
381 530
381 531
381 532
383 393
383 415
383 428
383 432
383 486
383 487
383 525
383 953
383 3371
384 579
384 2240
384 3085
384 3389
384 4047
384 4050
384 4055
384 4057
384 4067
384 4068
384 4069
384 4070
384 4071
384 4072
384 4073
384 4074
384 4075
384 4076
384 4077
384 4078
384 4079
384 4080
384 4081
384 4082
384 4083
384 4084
384 4085
384 4086
384 4087
384 4088
384 4089
386 491
386 550
386 857
386 2181
387 388
387 389
388 389
388 478
388 479
388 480
388 481
388 482
388 483
388 484
389 393
389 478
389 479
389 4844
389 5085
390 391
391 393
391 507
391 513
391 527
391 632
391 5300
392 393
392 394
393 397
393 399
393 402
393 409
393 418
393 434
393 441
393 446
393 450
393 454
393 469
393 514
393 520
393 528
393 529
393 531
393 532
393 542
393 543
393 625
393 662
393 663
393 920
393 1300
393 2485
393 2612
393 3090
393 3473
393 3954
393 3958
393 4540
393 4722
393 4754
393 5743
393 6041
393 6043
393 6404
393 6405
393 6441
393 6453
394 397
394 411
394 426
394 908
394 1373
394 1381
394 1678
394 2836
394 3210
394 3316
394 3317
394 3318
394 3319
394 3320
394 3321
394 3322
394 3323
394 3324
394 3325
394 3326
394 3327
394 3328
395 396
400 401
403 404
403 405
406 407
407 469
407 845
407 913
407 921
407 924
407 3584
408 409
408 410
409 505
409 509
409 5576
409 6437
410 487
410 509
410 953
410 3371
412 413
413 467
413 5657
416 3140
417 1311
419 420
419 421
420 452
420 858
420 1037
420 3183
420 4764
420 4765
422 423
422 424
423 424
423 686
423 697
423 700
423 839
423 933
423 1492
423 1588
423 1751
423 1754
423 1808
423 1824
423 1956
423 2544
423 2545
423 2546
423 2547
423 2548
423 2549
423 2550
423 2551
423 2552
423 2553
423 2554
423 2555
423 2556
423 2557
423 2558
423 2559
423 2560
423 2561
429 948
434 3974
436 437
436 438
436 439
437 550
437 551
437 857
437 866
437 1346
437 1403
437 2181
437 2188
437 3245
437 3282
437 3780
437 3821
437 3906
437 4127
437 5469
437 5470
437 5471
437 5472
437 5473
437 5474
437 5475
437 5476
438 534
438 1197
438 2289
438 2294
438 2295
438 2298
438 2299
438 2300
438 2301
438 2302
438 2304
438 2305
438 2542
438 2745
438 3441
438 3469
438 3620
438 3834
438 3881
438 3909
438 4398
438 4442
438 4904
438 4941
438 4943
438 4947
438 4950
438 4952
438 4955
438 4956
438 4957
438 5096
438 5098
438 5099
438 5106
438 5107
438 5110
438 5111
438 5112
438 5113
438 5114
438 5115
438 5116
438 5117
438 5118
438 5119
438 5120
438 5121
438 5122
439 1112
439 2224
439 3291
439 4073
439 4156
439 4283
439 4284
439 4285
440 441
441 460
441 461
441 462
441 463
441 464
441 465
441 466
442 443
443 3808
446 447
446 448
446 449
446 450
449 904
450 1473
450 3751
450 4433
450 5975
450 6393
450 6394
450 6395
450 6396
450 6397
453 454
454 2617
456 498
456 814
456 815
456 838
456 846
456 858
456 962
456 963
456 964
456 965
456 966
456 967
456 968
456 969
456 970
456 986
456 1002
456 1035
456 1036
456 1414
456 1415
456 1804
456 2325
456 2326
456 2327
456 2328
456 2329
456 2330
456 2331
456 2332
456 2333
456 2334
456 2335
456 2336
456 2337
456 2338
456 2339
456 2340
456 2341
456 2342
456 2343
456 2344
456 2345
456 2346
456 2347
456 2348
456 2349
456 2350
456 2351
456 2352
456 2353
456 2354
456 2355
456 2356
456 2357
456 2358
456 2359
456 2360
456 2361
456 2362
456 2363
456 2364
456 2365
456 2366
456 2367
456 2368
456 2369
456 2370
456 2371
456 2372
456 2373
456 2374
456 2375
456 2376
456 2377
456 2378
456 2379
456 2380
456 2381
456 2382
456 2383
456 2384
459 3307
462 463
462 4870
462 4969
468 469
468 470
468 471
469 475
469 491
469 845
469 856
469 862
469 876
469 896
469 907
469 921
469 1117
469 2228
469 2464
469 2465
469 2466
469 2467
469 2468
469 2469
469 2470
472 473
472 474
473 1485
475 550
475 551
475 585
475 817
475 856
475 884
475 893
475 903
475 941
475 995
475 1086
475 1112
475 1120
475 1534
475 1564
475 1642
475 1736
475 2146
475 2148
475 2181
475 2182
475 2183
475 2184
475 2185
475 2186
475 2187
475 2188
475 2189
475 2190
475 2191
475 2192
475 2193
475 2194
475 2195
475 2196
475 2197
475 2198
475 2199
475 2200
475 2201
475 2202
475 2203
475 2204
475 2205
475 2206
475 2207
475 2208
475 2209
475 2210
475 2211
475 2212
475 2213
475 2214
475 2215
475 2216
475 2217
475 2218
475 2219
475 2220
475 2221
475 2222
475 2223
475 2224
475 2225
475 2226
475 2227
475 2228
475 2229
475 2230
475 2231
475 2232
475 2233
475 2234
475 2235
475 2236
475 2237
475 2238
475 2239
475 2240
475 2241
475 2242
475 2243
475 2244
475 2245
475 2246
475 2247
475 2248
475 2249
475 2250
475 2251
475 2252
475 2253
475 2254
475 2255
475 2256
475 2257
475 2258
475 2259
475 2260
475 2261
475 2262
475 2263
475 2264
475 2265
475 2266
475 2267
475 2268
475 2269
475 2270
475 2271
475 2272
475 2273
475 2274
475 2275
475 2276
475 2277
475 2278
475 2279
475 2280
475 2281
475 2282
475 2283
475 2284
476 534
476 630
476 698
476 1726
476 1728
476 2313
476 2489
476 2490
476 2491
476 2492
476 2493
476 2494
476 2495
476 2496
476 2497
476 2498
476 2499
476 2500
476 2501
476 2502
476 2503
476 2504
476 2505
476 2506
476 2507
476 2508
476 2509
476 2510
476 2511
476 2512
476 2513
476 2514
476 2515
476 2516
476 2517
476 2518
476 2519
476 2520
476 2521
476 2522
476 2523
476 2524
476 2525
476 2526
476 2527
476 2528
476 2529
476 2530
476 2531
476 2532
476 2533
476 2534
476 2535
476 2536
476 2537
476 2538
476 2539
476 2540
476 2541
476 2542
476 2543
483 847
483 848
483 849
483 850
483 851
483 852
483 853
483 854
483 855
489 490
489 491
489 492
489 493
489 494
489 495
489 496
489 497
490 900
490 905
490 2402
490 2487
490 3096
490 3256
490 3380
490 3415
490 3426
490 3646
490 3797
490 3803
491 817
491 900
491 905
491 920
491 998
491 1046
491 1112
491 2402
491 2407
491 2464
491 2487
491 3096
491 3380
491 3415
491 3426
491 3646
491 3797
491 3803
495 4102
503 915
503 3521
504 813
510 960
510 2609
511 819
515 3773
518 558
518 3973
520 3521
522 558
526 618
526 619
526 620
526 621
528 3173
534 535
534 536
534 537
534 538
534 539
534 540
535 538
535 1295
535 3095
535 5102
535 5141
535 5142
536 561
536 2286
536 2290
536 2308
536 2309
536 4751
536 4941
536 4942
536 4943
536 4944
536 4945
536 4946
536 4947
536 4948
536 4949
536 4950
536 4951
536 4952
536 4953
536 4954
536 4955
536 4956
536 4957
536 4958
536 4959
536 4960
537 631
537 3554
537 3569
537 3571
537 3631
537 3632
537 4040
537 4041
537 4042
537 4043
537 4044
538 3469
538 5102
538 5103
539 562
539 631
539 1121
539 2306
539 2314
539 3539
539 3550
539 3631
539 3637
539 5150
539 5152
539 5164
539 5165
539 5166
539 5167
539 5168
540 1734
540 4435
540 4436
540 4437
540 4438
540 4439
540 4440
540 4441
540 4442
540 4443
540 4444
540 4445
540 4446
540 4447
540 4448
540 4449
540 4450
540 4451
540 4452
540 4453
541 542
542 4064
546 547
546 548
547 2288
547 2306
547 2307
547 3531
547 3533
547 3539
547 3540
547 3543
547 3546
547 3548
547 3549
547 3551
547 3555
547 3557
547 3566
547 3567
547 3582
547 3619
547 3629
547 5151
547 5153
547 5154
547 5155
549 564
549 1017
549 2424
549 2428
549 2433
549 2440
549 2450
549 3526
550 600
550 817
550 856
550 857
550 859
550 865
550 867
550 868
550 882
550 901
550 903
550 920
550 972
550 1112
550 1117
550 1120
550 1196
550 1574
550 2181
550 2182
550 2184
550 2194
550 2195
550 2196
550 2199
550 2203
550 2206
550 2218
550 2220
550 2223
550 2243
550 2244
550 2260
550 2266
550 2268
550 2935
550 2940
550 2941
550 2958
550 2959
550 2988
550 3015
550 3016
550 3038
550 3051
550 3069
550 3150
550 3254
550 3276
550 3358
550 3359
550 3362
550 3369
550 3525
550 3796
550 3925
550 3926
550 3946
550 3948
550 4073
550 4130
550 4144
550 4146
550 4177
550 4178
550 4213
550 4215
550 4216
550 4226
550 4229
550 4231
550 4243
550 4244
550 4253
550 4283
550 4284
550 4334
550 4338
550 4354
550 4355
550 4361
550 4362
550 4366
550 4368
550 4370
550 4462
550 4875
550 4912
550 5331
550 5332
550 5333
550 5334
550 5335
550 5336
550 5337
550 5338
550 5339
550 5340
550 5341
550 5342
550 5343
550 5344
550 5345
550 5346
550 5347
550 5348
550 5349
550 5350
550 5351
550 5352
550 5353
550 5354
550 5355
550 5356
550 5357
550 5358
551 579
551 817
551 856
551 859
551 866
551 876
551 883
551 892
551 1045
551 1046
551 1112
551 1119
551 1481
551 1557
551 2187
551 2194
551 2195
551 2197
551 2198
551 2202
551 2203
551 2204
551 2215
551 2218
551 2244
551 2592
551 2930
551 2931
551 2988
551 3010
551 3011
551 3076
551 3150
551 3245
551 3246
551 3247
551 3248
551 3249
551 3250
551 3251
551 3252
551 3253
551 3254
551 3255
551 3256
551 3257
551 3258
551 3259
551 3260
551 3261
551 3262
551 3263
551 3264
551 3265
551 3266
551 3267
551 3268
551 3269
551 3270
551 3271
551 3272
551 3273
551 3274
551 3275
551 3276
551 3277
551 3278
551 3279
551 3280
551 3281
551 3282
551 3283
551 3284
551 3285
551 3286
551 3287
551 3288
551 3289
551 3290
551 3291
551 3292
551 3293
551 3294
551 3295
551 3296
551 3297
551 3298
551 3299
551 3300
551 3301
551 3302
551 3303
551 3304
552 570
552 857
552 866
552 895
552 1550
552 2181
552 3035
552 3047
552 3048
552 3049
552 3050
552 3051
552 3052
552 3053
552 3054
561 562
561 3625
562 631
562 3553
562 3569
562 3577
562 3603
562 3605
562 3608
562 3619
562 3624
562 3630
562 3631
562 3632
562 3633
562 3634
562 3635
562 3636
562 3637
562 3638
563 570
563 4609
563 4739
563 4822
563 4841
563 4902
563 4903
563 4904
563 4905
563 4906
563 4907
563 4908
563 4909
563 4910
565 570
565 5341
570 4087
570 4218
570 4333
570 4354
570 4355
570 5345
579 856
579 857
579 903
579 920
579 2149
579 2186
579 2275
579 2407
579 2688
579 2693
579 2695
579 3064
579 3069
579 3509
579 3524
579 4581
579 5457
579 5458
584 1111
585 856
585 3387
585 5418
589 3106
589 3153
594 847
595 5119
598 1050
600 631
600 871
600 899
600 903
600 914
600 923
600 928
600 937
600 940
600 944
600 1285
600 3275
600 4471
600 4912
600 5340
600 5346
600 5415
600 5416
600 5431
600 5842
600 5843
604 684
607 2834
610 1196
611 2629
620 3194
622 623
624 3116
624 4565
625 626
625 5745
626 1908
626 3116
627 3093
629 1401
629 1403
629 1727
629 1729
629 2313
629 2491
629 2492
629 2493
629 2494
629 2497
629 2498
629 2499
629 2504
629 2506
629 2508
629 2512
629 2522
629 2527
629 2529
629 2537
629 2538
629 2540
629 3862
629 3869
629 3921
629 4427
629 5173
629 5232
629 5237
629 5674
629 6059
629 6060
629 6061
629 6062
629 6063
629 6064
629 6065
629 6066
629 6067
629 6068
629 6069
629 6070
629 6071
629 6072
629 6073
629 6074
629 6075
629 6076
629 6077
629 6078
629 6079
629 6080
629 6081
629 6082
629 6083
629 6084
629 6085
629 6086
629 6087
629 6088
629 6089
629 6090
629 6091
629 6092
629 6093
629 6094
629 6095
630 1401
630 2525
630 3847
631 2542
631 2747
631 3532
631 3533
631 3534
631 3536
631 3537
631 3539
631 3540
631 3542
631 3543
631 3544
631 3546
631 3547
631 3549
631 3551
631 3553
631 3558
631 3559
631 3560
631 3568
631 3572
631 3602
631 3605
631 3612
631 3613
631 3614
631 3615
631 3616
631 3617
631 3618
631 3619
631 3620
631 3621
631 3622
631 3623
631 3624
631 3625
631 3626
631 3627
631 3628
631 3629
635 3120
635 4386
635 6148
651 3814
653 683
653 875
653 1184
653 1372
653 1789
653 1792
653 1883
653 2140
653 2634
653 2713
653 3679
653 4508
653 4553
653 4871
653 4872
653 4873
653 4874
657 1287
658 6150
659 931
659 3838
660 6161
661 910
661 1781
661 3956
661 3957
662 830
662 832
662 833
662 834
663 3527
663 3528
663 3529
663 3530
663 5578
663 5698
663 6151
663 6398
663 6438
663 6439
663 6440
668 5714
670 2614
673 2864
673 3104
673 5608
673 5685
675 4550
685 871
685 6018
686 1516
688 3814
689 1403
694 1431
696 4588
699 1286
700 1629
700 2142
700 4681
701 1624
709 3913
716 1372
722 5052
723 1032
724 5274
733 1893
733 2704
733 2802
737 2600
739 5974
748 2600
750 904
756 1059
756 1447
761 1286
771 904
771 914
783 2003
788 4476
789 1552
791 914
793 1490
796 868
796 892
801 2563
801 3755
801 4572
801 4773
801 4777
801 4778
801 4779
801 4780
801 4781
801 4782
801 4783
801 4784
801 4785
801 4786
801 4787
801 4788
801 4789
801 4790
801 4791
801 4792
801 4793
801 4794
801 4795
801 4796
801 4797
801 4798
801 4799
801 4800
801 4801
801 4802
801 4803
801 4804
801 4805
801 4806
801 4807
801 4808
801 4809
801 4810
801 4811
801 4812
801 4813
801 4814
801 4815
801 4816
801 4817
801 4818
801 4819
801 4820
801 4821
801 4822
801 4823
801 4824
801 4825
801 4826
801 4827
801 4828
801 4829
801 4830
801 4831
801 4832
801 4833
801 4834
801 4835
801 4836
801 4837
801 4838
801 4839
801 4840
801 4841
803 1032
816 817
816 818
817 988
817 2195
817 2196
817 2197
817 2204
817 2218
817 2930
817 2931
817 3341
817 3370
817 3379
817 3799
817 3800
819 2178
819 2485
819 3090
819 4519
819 4559
819 5743
819 6040
819 6041
819 6042
819 6043
820 1423
820 1713
820 1782
820 1894
820 2844
820 2876
820 3197
820 3199
820 3200
820 3467
820 4017
820 4601
820 4897
820 5086
820 5572
820 5594
820 5595
820 5596
820 5597
820 5598
820 5599
822 5699
825 874
829 858
829 955
829 1033
829 1034
829 2341
829 2385
829 2386
829 2387
829 2388
829 2389
829 2390
829 2391
829 2392
829 2393
834 923
836 843
836 845
836 989
836 990
836 991
836 992
836 993
842 843
842 844
842 845
843 845
843 1003
843 1004
843 1005
843 1006
843 1007
843 1008
843 1009
843 1010
843 1011
843 1012
843 1013
843 1014
843 1015
843 1016
843 1017
843 1018
843 1019
843 1020
843 1021
843 1022
843 1023
843 1024
843 1025
844 1336
844 1537
844 2633
844 3169
844 4726
845 958
845 992
845 1005
845 1091
845 2411
845 2423
845 2461
845 5825
845 5826
845 5827
845 5828
847 854
847 1371
847 1722
847 3055
847 3056
847 3739
847 4459
847 5064
847 5658
847 5659
847 5704
847 5712
847 5713
847 5812
847 5813
847 5814
847 5815
847 5816
847 5817
847 5818
847 5819
847 5820
847 5821
847 5822
848 853
848 2623
848 3056
848 3094
848 3336
848 4746
848 4846
848 5064
848 5704
848 5705
848 5706
848 5707
848 5708
848 5709
848 5710
848 5711
848 5712
848 5713
852 4901
854 3055
854 3348
854 4723
856 876
856 892
856 902
856 938
856 941
856 1045
856 1112
856 1119
856 1481
856 2190
856 2194
856 2205
856 2228
856 2239
856 2282
856 2465
856 2466
856 2477
856 2478
856 2479
856 2482
856 2483
856 2932
856 2958
856 3220
856 3245
856 3253
856 3386
856 3390
856 3641
856 4332
856 4333
856 4334
856 4335
856 4336
856 4337
856 4338
856 4339
856 4340
856 4341
857 868
857 876
857 883
857 892
857 901
857 902
857 903
857 938
857 941
857 1045
857 1117
857 1119
857 1120
857 1196
857 1481
857 1560
857 1564
857 1574
857 2181
857 2187
857 2194
857 2202
857 2210
857 2218
857 2220
857 2268
857 2280
857 2592
857 2928
857 2958
857 2988
857 3051
857 3220
857 3252
857 3254
857 3274
857 3275
857 3358
857 3359
857 3362
857 3369
857 3780
857 3882
857 3922
857 4144
857 4145
857 4229
857 4230
857 4326
857 4334
857 4338
857 4340
857 4875
857 4912
857 4917
857 5095
857 5331
857 5349
857 5414
857 5416
857 5430
857 5431
858 1000
858 1001
858 1002
859 974
859 975
859 976
859 977
859 978
859 979
859 980
859 981
859 982
859 983
859 984
859 985
860 1046
860 3310
860 3397
860 3398
860 3399
860 3400
860 3401
860 3402
861 2182
861 2223
861 2261
861 3343
861 3344
861 3345
861 3346
861 3347
862 2239
862 2476
862 2477
862 2478
862 2479
862 2480
862 2481
862 2482
862 2483
862 2484
863 1112
863 2189
863 2241
863 3886
863 4154
863 4278
863 4279
863 4280
863 4281
863 4282
864 2206
864 2234
864 2247
864 2251
864 2936
864 2939
864 2948
864 2955
864 4238
864 4239
864 4240
864 4241
864 4242
864 4243
864 4244
864 4245
864 4246
864 4247
864 4248
864 4249
864 4250
864 4251
864 4252
864 4253
864 4254
865 3393
865 3394
865 3395
865 3396
866 902
866 903
866 995
866 1112
867 2196
867 4101
868 2148
868 2181
868 2193
868 2206
868 2227
868 2819
868 2945
868 3038
868 3069
868 3150
868 3273
868 3292
868 3387
868 3440
868 3922
868 4070
868 4072
868 4209
868 4244
868 4284
868 4322
868 4462
868 4549
868 4917
868 5100
868 5308
868 5407
868 5481
868 5505
868 5908
868 5921
868 6214
868 6215
868 6216
868 6217
869 2324
871 904
871 4426
872 3988
874 1908
874 1971
874 4000
874 4469
874 4504
874 4978
874 5075
874 5076
874 5077
874 5078
876 901
876 903
876 2194
876 2224
876 3000
876 3030
876 3150
876 3175
876 3245
876 3922
876 3930
876 3944
876 4080
876 4284
876 4326
876 4334
876 4336
876 4462
876 5336
876 5338
876 5342
876 5347
876 5350
876 5413
876 5416
876 5582
876 6360
876 6368
876 6369
876 6370
877 4116
877 4319
877 4320
878 4575
878 6200
878 6248
878 6460
882 901
883 2181
883 3642
883 3643
883 3930
883 4334
883 5367
884 901
885 3943
885 5515
885 5516
885 5517
887 1558
890 3299
890 3403
891 4362
892 901
892 974
892 1112
892 2181
892 2958
892 2996
892 3000
892 3001
892 3002
892 3003
892 3004
892 3005
892 3006
892 3007
892 3008
892 3009
892 3010
892 3011
892 3012
892 3013
892 3014
892 3015
892 3016
892 3017
892 3018
892 3019
892 3020
892 3021
892 3022
892 3023
892 3024
892 3025
892 3026
892 3027
892 3028
892 3029
892 3030
893 4178
894 3803
899 1087
899 1088
899 1089
899 1094
899 1372
899 2580
899 2581
899 3191
899 3316
899 3650
899 4532
899 4533
899 4534
899 4537
899 6011
900 994
900 3031
900 3032
900 3033
900 3034
900 3035
900 3036
900 3037
900 3038
900 3039
900 3040
900 3041
900 3042
900 3043
900 3044
901 937
901 941
901 995
901 1040
901 1045
901 1117
901 2181
901 2187
901 2231
901 2255
901 2260
901 2273
901 2978
901 2984
901 2988
901 3000
901 3011
901 3015
901 3061
901 4140
901 4177
901 4178
901 4179
901 4213
901 4216
901 4224
901 4334
901 4362
901 4368
901 5333
901 5339
901 5345
901 5406
901 5407
901 5408
901 5409
901 5410
901 5411
901 5412
901 5413
902 979
902 2181
902 2279
902 2960
902 2972
902 2979
902 3019
902 3043
902 3389
902 4133
902 4301
902 4302
902 4303
902 4304
902 4305
902 4306
902 4307
902 4308
902 4309
902 4310
902 4311
902 4312
902 4313
902 4314
903 3393
903 3394
903 3395
903 3396
903 3525
903 4045
903 4046
903 4047
903 4048
903 4049
903 4050
903 4051
903 4052
903 4053
903 4054
903 4055
903 4056
903 4057
904 1087
904 1375
904 4426
904 4628
904 4653
904 5044
904 5045
904 5046
904 5047
904 5048
904 5049
904 5050
906 2611
906 3750
912 2464
912 3593
913 1048
914 1664
914 2617
914 2742
914 2830
914 5302
914 5754
916 960
917 3598
917 4091
918 1316
920 971
920 972
920 973
921 4774
921 5102
921 6132
921 6133
922 946
922 1442
922 1592
922 1801
922 1814
922 2046
922 2070
922 3220
922 3664
922 3702
922 3894
922 3983
922 4033
922 4397
922 4461
922 4471
922 4590
922 5277
922 5278
922 5279
922 5280
923 1096
923 1178
923 1368
923 1588
923 1891
923 2037
923 2558
923 2903
923 2905
923 3101
923 3690
923 3708
923 4503
923 4514
923 4670
923 4979
923 5660
923 5695
923 5696
923 5697
926 1337
926 1403
926 1645
926 5636
927 1917
927 5052
928 1375
928 1472
928 4856
928 5751
930 2556
930 2763
930 2901
930 2988
930 3752
930 4965
930 4966
930 4967
930 4968
931 6179
932 3046
932 4022
933 4031
933 4426
936 4962
937 4407
937 4478
937 4882
938 1797
938 2025
938 2194
938 4475
938 4515
938 4633
938 4641
938 4658
938 5039
938 5065
938 5066
938 5067
938 5068
938 5069
938 5070
938 5071
938 5072
938 5073
938 5074
940 6048
941 2228
941 4340
941 5452
942 3111
943 2863
943 5747
944 4755
946 1079
946 2547
946 2906
946 6165
950 1066
950 3751
954 955
954 956
955 3839
958 959
959 1086
959 1092
959 2417
959 2425
959 3526
959 4466
959 4467
959 4468
960 2609
971 2407
972 1045
972 2202
972 2216
972 2233
972 2276
972 4260
972 4266
972 4342
972 5337
972 5876
975 6188
976 995
978 3350
981 3255
982 2187
983 2220
983 3350
988 999
988 3186
988 3240
988 3241
988 3242
993 2412
994 995
995 2187
995 2958
995 2959
995 2960
995 2961
995 2962
995 2963
995 2964
995 2965
995 2966
995 2967
995 2968
995 2969
995 2970
995 2971
995 2972
995 2973
995 2974
995 2975
995 2976
995 2977
995 2978
995 2979
995 2980
995 2981
995 2982
995 2983
995 2984
995 2985
995 2986
995 2987
995 2988
995 2989
995 2990
995 2991
995 2992
995 2993
995 2994
995 2995
995 2996
995 2997
995 2998
995 2999
1000 2263
1000 2375
1000 3123
1000 3124
1000 3125
1000 3126
1000 3127
1000 3128
1000 3129
1000 3405
1000 3406
1000 3407
1000 3408
1000 3409
1001 2403
1003 2460
1003 2461
1003 2462
1004 1049
1004 1050
1004 1051
1006 1092
1007 1030
1007 2463
1008 2449
1008 3807
1008 3808
1008 3809
1009 2411
1009 2412
1010 6044
1012 1092
1012 2412
1013 2181
1013 2412
1013 4861
1014 1092
1015 1092
1015 3808
1016 2426
1017 2422
1019 1050
1019 3874
1020 1050
1022 4467
1023 1092
1025 1092
1028 1032
1031 1032
1032 1068
1032 1142
1032 1165
1032 1177
1032 1218
1032 1221
1032 1225
1032 1261
1032 1324
1032 1352
1032 1368
1032 1442
1032 1523
1032 1546
1032 1587
1032 1594
1032 1599
1032 1638
1032 1654
1032 1672
1032 1706
1032 1713
1032 1763
1032 1847
1032 1859
1032 1867
1032 1869
1032 1884
1032 1909
1032 1910
1032 1921
1032 1926
1032 2007
1032 2009
1032 2055
1032 2056
1032 2062
1032 2074
1032 2086
1032 2106
1032 2118
1032 2121
1032 2122
1032 2123
1032 2139
1032 2142
1032 2161
1032 2162
1032 2163
1032 2164
1032 2561
1032 2633
1032 2648
1032 2651
1032 2653
1032 2737
1032 2796
1032 2801
1032 2835
1032 2877
1032 2909
1032 3229
1032 3230
1032 3450
1032 3460
1032 3463
1032 3466
1032 3470
1032 3701
1032 3719
1032 3724
1032 3733
1032 3737
1032 3808
1032 3996
1032 3997
1032 4002
1032 4009
1032 4011
1032 4013
1032 4019
1032 4030
1032 4031
1032 4387
1032 4455
1032 4483
1032 4486
1032 4495
1032 4498
1032 4592
1032 4593
1032 4604
1032 4664
1032 4671
1032 4706
1032 4763
1032 4857
1032 4867
1032 4889
1032 4892
1032 4897
1032 4898
1032 4899
1032 4940
1032 4973
1032 4974
1032 4975
1032 4976
1032 4980
1032 4982
1032 5032
1032 5046
1032 5074
1032 5094
1032 5275
1032 5307
1032 5309
1032 5540
1032 5552
1032 5567
1032 5571
1032 5574
1032 5577
1032 5597
1032 5631
1032 5632
1032 5664
1032 5673
1032 5680
1032 5684
1032 5714
1032 5715
1032 5716
1032 5717
1032 5718
1032 5719
1032 5720
1032 5721
1032 5722
1032 5723
1032 5724
1032 5725
1032 5726
1032 5727
1032 5728
1032 5729
1032 5730
1032 5731
1032 5732
1032 5733
1032 5734
1032 5735
1032 5736
1032 5737
1032 5738
1032 5739
1032 5740
1032 5741
1032 5742
1040 3988
1041 1042
1041 1043
1042 4724
1043 1108
1043 1721
1043 3652
1043 5276
1044 1045
1044 1046
1045 1112
1045 1598
1045 2181
1045 2482
1045 3819
1045 3820
1045 3821
1045 3822
1045 3823
1045 3824
1045 3825
1045 3826
1045 3827
1045 3828
1045 3829
1045 3830
1045 3831
1046 2397
1046 2471
1046 2472
1046 2473
1046 2474
1046 2475
1046 2486
1046 3310
1046 3372
1046 3373
1046 3374
1046 3375
1046 3376
1049 1050
1049 1092
1050 1090
1050 1092
1050 2414
1050 2415
1050 2416
1050 2419
1050 2422
1050 2427
1050 2429
1050 2434
1050 2435
1050 2448
1050 2456
1050 2458
1050 2585
1050 3808
1050 4725
1050 4726
1050 4727
1050 4728
1050 4729
1050 4730
1050 4731
1050 4732
1050 4733
1050 4734
1050 4735
1050 4736
1050 4737
1053 1054
1053 1055
1054 3100
1054 3149
1054 3165
1059 5701
1061 1718
1061 6172
1061 6173
1066 1137
1066 1938
1066 2649
1066 4754
1066 4911
1066 5687
1068 3506
1079 1834
1079 2052
1079 2175
1079 2736
1079 3107
1079 5068
1079 5661
1079 5662
1079 5663
1079 5664
1083 1121
1083 1309
1083 6037
1085 1705
1085 6010
1085 6150
1085 6171
1086 1090
1086 1092
1086 1108
1086 2190
1086 2315
1090 1197
1090 2315
1090 2414
1090 2415
1090 2416
1091 2414
1091 2451
1091 2453
1091 2454
1091 2455
1091 2456
1091 2457
1091 2458
1091 2459
1092 2315
1092 2413
1092 2414
1092 2417
1092 2418
1092 2419
1092 2420
1092 2421
1092 2422
1092 2423
1092 2424
1092 2425
1092 2426
1092 2427
1092 2428
1092 2429
1092 2430
1092 2431
1092 2432
1092 2433
1092 2434
1092 2435
1092 2436
1092 2437
1092 2438
1092 2439
1092 2440
1092 2441
1092 2442
1092 2443
1092 2444
1092 2445
1092 2446
1092 2447
1092 2448
1093 5038
1096 4537
1097 4458
1097 4911
1098 4458
1098 5622
1101 6434
1102 1904
1102 2113
1102 5668
1103 4433
1103 4640
1103 5665
1103 5975
1103 5976
1103 5977
1103 5978
1104 1907
1104 5654
1104 5989
1108 1204
1108 1717
1108 1721
1108 2193
1108 3330
1108 4432
1108 4546
1108 5242
1108 5243
1108 5244
1108 5245
1108 5246
1108 5247
1108 5248
1108 5249
1108 5250
1108 5251
1108 5252
1108 5253
1108 5254
1108 5255
1108 5256
1108 5257
1108 5258
1108 5259
1108 5260
1108 5261
1108 5262
1108 5263
1108 5264
1108 5265
1108 5266
1108 5267
1108 5268
1108 5269
1108 5270
1108 5271
1108 5272
1111 3238
1111 4752
1112 1118
1112 1120
1112 2218
1112 2228
1112 2255
1112 2483
1112 2488
1112 2958
1112 3010
1112 3011
1112 3022
1112 3255
1112 3261
1112 3265
1112 3279
1112 3286
1112 3388
1112 3440
1112 3641
1112 3798
1112 4170
1112 4178
1112 4179
1112 4213
1112 4214
1112 4215
1112 4216
1112 4217
1112 4218
1112 4219
1112 4220
1112 4221
1112 4222
1112 4223
1112 4224
1112 4225
1112 4226
1112 4227
1112 4228
1112 4229
1112 4230
1112 4231
1112 4232
1112 4233
1112 4234
1112 4235
1112 4236
1112 4237
1113 3506
1115 5175
1115 5365
1116 3166
1116 3167
1116 3168
1117 3435
1117 3890
1117 4076
1117 4155
1117 4164
1117 4283
1117 4284
1117 4285
1117 5343
1117 5482
1117 5501
1117 5502
1117 5503
1117 5504
1117 5505
1117 5506
1117 5507
1118 1568
1118 1575
1118 1720
1118 1736
1118 2207
1118 2686
1118 2688
1118 3295
1118 3475
1118 3626
1118 3796
1118 4076
1118 4368
1118 4558
1118 4928
1118 4935
1118 5111
1118 5454
1118 5463
1118 5762
1118 5785
1118 5830
1118 5905
1119 3498
1119 4256
1119 5537
1119 5873
1119 5879
1120 2181
1120 3356
1120 3368
1120 5308
1121 1197
1121 2285
1121 2286
1121 2287
1121 2288
1121 2289
1121 2290
1121 2291
1121 2292
1121 2293
1121 2294
1121 2295
1121 2296
1121 2297
1121 2298
1121 2299
1121 2300
1121 2301
1121 2302
1121 2303
1121 2304
1121 2305
1121 2306
1121 2307
1121 2308
1121 2309
1121 2310
1121 2311
1121 2312
1121 2313
1121 2314
1137 1992
1137 2647
1137 5672
1137 6162
1139 3502
1139 4933
1151 2596
1166 3548
1173 6454
1189 3114
1195 6152
1196 1718
1196 2259
1196 2647
1196 2660
1196 2667
1196 2743
1196 2746
1196 2919
1196 3332
1196 3863
1196 4326
1196 4648
1196 4936
1196 5026
1196 5283
1196 5635
1196 5672
1196 5713
1196 5770
1196 5924
1196 5946
1196 6053
1196 6387
1196 6389
1196 6391
1196 6399
1196 6400
1196 6401
1196 6402
1197 3554
1197 4956
1201 2599
1204 2593
1210 2544
1211 6407
1213 5302
1215 5604
1217 4472
1221 1301
1226 3653
1231 1298
1232 2597
1248 1335
1260 4585
1260 5748
1272 5691
1272 5692
1273 2883
1273 5563
1273 5690
1274 3955
1277 2884
1277 2910
1278 4687
1283 1880
1284 4714
1284 4771
1285 1434
1285 1435
1285 1625
1285 1825
1285 2064
1285 2770
1285 2858
1285 2914
1285 3207
1285 3983
1285 4403
1285 4404
1285 4405
1285 4406
1285 4407
1285 4408
1285 4409
1285 4410
1285 4411
1285 4412
1285 4413
1285 4414
1285 4415
1285 4416
1286 2681
1286 3098
1287 4615
1287 4753
1288 1374
1288 3455
1288 4850
1288 4880
1290 3750
1290 4911
1291 3331
1291 3972
1291 3981
1291 4018
1291 4756
1291 4757
1291 4758
1292 5744
1295 2281
1295 3208
1295 3469
1295 3531
1295 3540
1295 3546
1295 3547
1295 3548
1295 3606
1295 4953
1295 5106
1295 6104
1295 6105
1295 6106
1295 6107
1296 3506
1296 3507
1301 1752
1301 3438
1305 3471
1305 3472
1305 4649
1309 3506
1311 1958
1311 2317
1311 2318
1311 2319
1311 2320
1311 2321
1311 2322
1311 2323
1312 2401
1312 3306
1315 4911
1316 3953
1318 3537
1318 3545
1318 3548
1326 5310
1326 5311
1326 5312
1326 5313
1327 4911
1330 5755
1332 3976
1332 6145
1334 5030
1334 5031
1335 3518
1335 3519
1336 4726
1337 1339
1337 1998
1337 3313
1337 4845
1338 1895
1338 1955
1338 4543
1338 4574
1339 2915
1339 3168
1339 3823
1339 4346
1339 5445
1339 5446
1339 5447
1340 3506
1346 4767
1346 4769
1346 4770
1346 5635
1346 5637
1346 5638
1346 5639
1346 5640
1346 5641
1346 5642
1346 5643
1346 5644
1349 3626
1356 3106
1358 4401
1360 2614
1361 6158
1362 4546
1362 4921
1362 5748
1362 5757
1362 5758
1371 4901
1371 5659
1372 2109
1372 3045
1372 3046
1374 1498
1374 1960
1374 3687
1374 3729
1374 4856
1374 4857
1374 4858
1382 1854
1382 4586
1382 4591
1383 2081
1383 3694
1383 4652
1383 5090
1384 4963
1384 6185
1384 6245
1384 6292
1384 6293
1384 6294
1385 1485
1389 5416
1390 3151
1390 3152
1391 3102
1395 5040
1395 5041
1396 5836
1397 2590
1397 4738
1397 4848
1397 4849
1398 4738
1398 4848
1401 3844
1401 3853
1401 3861
1401 3862
1401 6134
1401 6135
1403 1792
1403 1938
1403 2698
1403 3028
1403 3232
1403 4932
1403 5119
1403 5579
1403 5603
1403 5604
1403 5605
1403 5606
1403 5607
1403 5608
1403 5609
1405 2650
1408 5986
1409 2616
1413 4471
1418 1725
1418 2590
1418 2744
1418 3413
1418 3618
1418 4977
1418 4985
1418 4986
1418 4987
1418 4988
1418 4989
1418 4990
1418 4991
1418 4992
1418 4993
1418 4994
1418 4995
1418 4996
1418 4997
1418 4998
1418 4999
1418 5000
1418 5001
1418 5002
1418 5003
1418 5004
1418 5005
1418 5006
1418 5007
1418 5008
1418 5009
1418 5010
1418 5011
1418 5012
1418 5013
1418 5014
1418 5015
1418 5016
1418 5017
1418 5018
1418 5019
1418 5020
1418 5021
1418 5022
1418 5023
1418 5024
1418 5025
1418 5026
1418 5027
1418 5028
1418 5029
1419 1611
1423 4981
1423 5309
1424 2590
1424 3964
1424 4766
1424 4767
1424 4768
1424 4769
1424 4770
1431 4059
1432 3621
1441 2548
1447 4520
1458 3749
1470 3206
1470 3716
1478 3095
1481 2181
1481 3363
1483 2544
1485 5088
1486 1630
1490 4673
1490 4772
1490 5810
1497 1980
1497 5634
1500 3416
1500 3932
1500 3933
1500 3934
1500 3935
1500 3936
1500 3937
1503 5658
1505 6414
1506 2680
1510 5961
1510 6294
1510 6308
1510 6357
1510 6375
1510 6376
1515 2216
1517 2615
1523 4376
1527 5072
1535 4458
1537 4622
1543 3771
1543 5054
1543 5055
1550 2181
1554 4397
1556 4112
1557 3443
1557 5477
1557 5878
1558 1559
1558 3245
1558 3279
1558 3281
1558 3804
1558 3827
1558 4066
1558 4079
1558 4103
1558 4113
1558 4115
1558 4192
1558 4194
1558 4238
1558 5006
1558 5012
1558 5322
1558 5328
1558 5515
1558 5527
1558 5875
1558 5898
1558 5903
1558 5931
1558 5937
1558 6183
1558 6189
1558 6253
1558 6261
1558 6266
1558 6270
1558 6276
1558 6278
1558 6280
1558 6295
1558 6344
1558 6374
1558 6382
1559 3434
1559 3658
1561 2690
1562 6252
1562 6266
1564 2181
1564 3501
1565 2204
1565 6318
1565 6339
1565 6355
1566 6329
1567 5469
1567 6205
1567 6206
1567 6207
1568 3796
1570 3969
1570 4576
1570 5417
1571 2590
1572 4305
1573 4223
1573 5934
1573 5935
1574 4043
1574 5215
1576 2697
1576 5777
1576 6458
1588 5660
1596 3095
1600 3450
1605 5833
1613 3093
1630 2874
1630 6452
1639 5791
1641 2611
1641 5274
1643 2736
1665 3893
1672 4487
1673 2736
1674 1774
1718 4065
1720 4432
1720 5034
1720 5252
1720 5256
1720 5276
1720 6050
1720 6051
1720 6052
1720 6053
1721 5262
1727 3866
1727 6097
1728 2506
1728 2539
1728 2543
1728 3859
1728 3869
1728 5226
1728 5227
1728 5228
1729 2313
1729 2491
1729 2496
1729 3870
1729 6058
1730 4788
1730 4830
1730 5198
1730 5202
1730 6385
1731 1741
1732 5119
1734 5222
1739 2491
1739 3867
1739 5238
1740 2313
1740 4861
1741 3469
1741 5060
1741 6106
1741 6137
1746 4487
1756 5988
1764 6174
1787 3506
1814 2178
1814 5279
1833 4490
1833 5544
1859 3164
1870 2600
1874 3506
1894 4479
1907 2588
1907 6160
1919 4403
1921 2853
1928 5684
1953 2856
1959 3447
1963 3506
1969 5297
1986 5738
1990 3506
1998 5694
2106 2732
2109 3506
2131 4400
2131 6429
2143 3435
2144 3058
2144 3780
2158 3194
2173 2611
2181 2218
2181 2268
2181 2280
2181 2284
2181 2592
2181 2988
2181 3048
2181 3052
2181 3053
2181 3159
2181 3202
2181 3252
2181 3254
2181 3307
2181 3351
2181 3352
2181 3353
2181 3354
2181 3355
2181 3356
2181 3357
2181 3358
2181 3359
2181 3360
2181 3361
2181 3362
2181 3363
2181 3364
2181 3365
2181 3366
2181 3367
2181 3368
2181 3369
2182 2202
2182 4264
2182 6262
2183 2200
2183 3079
2183 3089
2183 3291
2183 4046
2183 4048
2183 4052
2183 4053
2183 4054
2183 4067
2183 4068
2183 4069
2183 4070
2183 4077
2183 4078
2183 4080
2183 4081
2183 4082
2183 4084
2183 4085
2183 4086
2183 4088
2183 4155
2183 4156
2183 4157
2183 4158
2183 4159
2183 4160
2183 4161
2183 4162
2183 4163
2183 4164
2183 4165
2183 4166
2183 4167
2183 4168
2184 2265
2184 4119
2184 6211
2187 4141
2187 4143
2187 4153
2187 5333
2187 5411
2187 5421
2187 5422
2187 5423
2187 5424
2187 5425
2187 5426
2187 5427
2187 5428
2188 3789
2188 3792
2188 5892
2188 5893
2188 5894
2189 4913
2190 2200
2190 2465
2190 2466
2190 2469
2190 2476
2190 2484
2190 3385
2190 3386
2190 3387
2190 3388
2190 3389
2190 3390
2190 3391
2190 3392
2191 3886
2191 3887
2191 3888
2191 3889
2191 3890
2191 3891
2193 2402
2193 3932
2193 4179
2193 5457
2194 2202
2194 2264
2194 3150
2194 3192
2194 3251
2194 3891
2194 3923
2194 3932
2194 4244
2194 4341
2194 4349
2194 4362
2194 4576
2194 5182
2194 5375
2194 5376
2194 5377
2194 5378
2194 5379
2194 5380
2194 5381
2194 5382
2194 5383
2194 5384
2194 5385
2194 5386
2195 2205
2195 2229
2195 2401
2195 3068
2195 3305
2195 3306
2196 3130
2196 3131
2196 3132
2196 3133
2196 3134
2196 3135
2196 3136
2196 3137
2196 3138
2196 3139
2196 3140
2196 3141
2196 3142
2196 3143
2196 3144
2197 2927
2197 2928
2197 2929
2197 2930
2197 2931
2197 2932
2197 2933
2198 3796
2199 2204
2199 2925
2199 3258
2199 3284
2199 3380
2199 5353
2199 5379
2199 5417
2199 5419
2199 5478
2199 5479
2199 5480
2201 4109
2201 6367
2202 2209
2202 2217
2202 2225
2202 2232
2202 2246
2202 2250
2202 2256
2202 2272
2202 4256
2202 4257
2202 4258
2202 4259
2202 4266
2202 4267
2202 4268
2202 4269
2202 4270
2202 4271
2202 4273
2202 4275
2202 4342
2202 5337
2202 5344
2202 5884
2202 5885
2202 5886
2203 2324
2203 3787
2203 4344
2204 2218
2204 3442
2204 3789
2204 3790
2204 3804
2204 4171
2204 4306
2204 5314
2204 5315
2204 5316
2204 5317
2204 5318
2204 5319
2204 5320
2204 5321
2204 5322
2204 5323
2204 5324
2204 5325
2204 5326
2204 5327
2204 5328
2204 5329
2204 5330
2206 2935
2206 2936
2206 2937
2206 2938
2206 2939
2206 2940
2206 2941
2206 2942
2206 2943
2206 2944
2206 2945
2206 2946
2206 2947
2206 2948
2206 2949
2206 2950
2206 2951
2206 2952
2206 2953
2206 2954
2206 2955
2206 2956
2206 2957
2210 4219
2210 5451
2211 3802
2211 5512
2211 5513
2211 5514
2218 2304
2218 2692
2218 3057
2218 3058
2218 3059
2218 3060
2218 3061
2218 3062
2218 3063
2218 3064
2218 3065
2218 3066
2218 3067
2218 3068
2218 3069
2218 3070
2218 3071
2218 3072
2218 3073
2218 3074
2218 3075
2218 3076
2218 3077
2220 2976
2220 3939
2220 3940
2220 3941
2220 3942
2220 3943
2220 3944
2220 3945
2222 2275
2229 4282
2230 4913
2234 5363
2236 3058
2239 3391
2243 3261
2245 3946
2248 3914
2248 6218
2251 5335
2252 3889
2253 3498
2253 3499
2257 3245
2260 2977
2260 4210
2265 6211
2267 4362
2268 4134
2268 4137
2268 4321
2268 4322
2268 4323
2268 4324
2268 4325
2268 4326
2268 4327
2268 4328
2268 4329
2268 4330
2285 4398
2287 3612
2290 4950
2290 6112
2291 4398
2292 4398
2297 4950
2307 3544
2313 2489
2313 2491
2313 2496
2313 2510
2313 4427
2313 4861
2315 2414
2315 2417
2320 5790
2321 3506
2328 2394
2328 2395
2336 2377
2341 3183
2368 3311
2369 5040
2390 3093
2390 4868
2397 2398
2401 3119
2401 3185
2401 3520
2401 4203
2401 5437
2401 5459
2405 2408
2405 3079
2405 3080
2405 3084
2405 3085
2405 3086
2405 3087
2405 3088
2405 3089
2407 2409
2407 3078
2407 3081
2407 3082
2407 3085
2407 3174
2407 3178
2407 3179
2407 3180
2407 3181
2407 3182
2407 3419
2407 3420
2407 3421
2407 3422
2407 3423
2407 3424
2407 3425
2407 3474
2407 3510
2407 3511
2407 3512
2407 3513
2407 3514
2407 3515
2407 3516
2407 3517
2412 2418
2412 2419
2412 2430
2412 2443
2412 2447
2412 2457
2412 2460
2412 2462
2412 3874
2412 3875
2412 3876
2412 3877
2412 3878
2412 3879
2412 3880
2414 2454
2414 3170
2414 3508
2414 4727
2414 4728
2414 4734
2414 5703
2416 3169
2416 4847
2418 2443
2418 3808
2418 3880
2419 2444
2420 5803
2422 3508
2422 3808
2422 5063
2422 5652
2422 5753
2426 3808
2428 2432
2435 4737
2435 4847
2437 3808
2438 3808
2440 3808
2451 2452
2452 2453
2458 5837
2460 6175
2463 3875
2464 3532
2464 3535
2464 3583
2464 3586
2464 3587
2464 3589
2464 3590
2464 3591
2464 3592
2470 3220
2479 4336
2483 3253
2489 3895
2489 5187
2489 5188
2489 5189
2489 5190
2489 5191
2489 5192
2491 2495
2491 2520
2491 2522
2491 2524
2491 2525
2491 2526
2491 2528
2491 2530
2491 2534
2491 2535
2491 3840
2491 3841
2491 3842
2491 3843
2491 3844
2491 3845
2491 3846
2491 3847
2491 3848
2491 3849
2491 3850
2491 3851
2491 3852
2491 3853
2491 3854
2491 3855
2491 3856
2491 3857
2491 3858
2491 3859
2491 3860
2491 3861
2491 3862
2491 3863
2491 3864
2491 3865
2491 3866
2491 3867
2491 3868
2491 3869
2491 3870
2491 3871
2495 3197
2502 5794
2503 3847
2504 3847
2505 3845
2506 3845
2512 3845
2512 5109
2513 3978
2513 5109
2516 3845
2522 3197
2531 3197
2532 3845
2534 3848
2536 3845
2538 3847
2544 2628
2544 3101
2549 5032
2555 5032
2563 2564
2563 2565
2563 2566
2564 2566
2565 3767
2565 4739
2565 6136
2566 4854
2567 6448
2573 2629
2575 3713
2575 6001
2575 6003
2575 6471
2580 6428
2585 5652
2586 6409
2588 5625
2589 5775
2589 6046
2589 6169
2590 3332
2590 3443
2590 4927
2590 4928
2590 4929
2590 4930
2590 4931
2590 4932
2590 4933
2590 4934
2590 4935
2590 4936
2590 4937
2591 3469
2591 4961
2592 3641
2592 3642
2592 3643
2593 2920
2593 2941
2593 3264
2593 3825
2593 4919
2593 4929
2593 5469
2593 5484
2593 5787
2593 6184
2593 6257
2593 6356
2594 3435
2594 5898
2594 5899
2594 5900
2594 5901
2594 5902
2594 5903
2597 6171
2599 4006
2602 2689
2602 3789
2602 4705
2604 4502
2604 5560
2604 5592
2604 5593
2605 5601
2605 5602
2606 5055
2606 5600
2608 3173
2608 4454
2608 4455
2608 4456
2608 4457
2610 3754
2610 3755
2610 3760
2610 3763
2610 3765
2610 3768
2610 4739
2610 4741
2610 4773
2610 4776
2610 4778
2610 4781
2610 4783
2610 4785
2610 4786
2610 4789
2610 4790
2610 4797
2610 4798
2610 4799
2610 4800
2610 4803
2610 4804
2610 4808
2610 4815
2610 4827
2610 4853
2610 4854
2610 4906
2610 4907
2610 5146
2610 5181
2610 5194
2610 5195
2610 5196
2610 5197
2610 5198
2610 5199
2610 5200
2610 5201
2610 5202
2610 5203
2610 5204
2610 5205
2611 3750
2611 4429
2614 3711
2614 4058
2614 4850
2614 4880
2615 6045
2617 3309
2620 3751
2623 4459
2623 4937
2623 5818
2623 6149
2626 2650
2626 3112
2626 4759
2627 2661
2627 5577
2629 3977
2630 5689
2633 3995
2635 3753
2635 3754
2635 3755
2635 3756
2635 3757
2635 3758
2635 3759
2635 3760
2635 3761
2635 3762
2635 3763
2635 3764
2635 3765
2635 3766
2635 3767
2635 3768
2635 3769
2635 3770
2636 5300
2637 2868
2637 4058
2649 4550
2649 4988
2649 5670
2649 5671
2649 5672
2657 5060
2657 5234
2667 6406
2670 5600
2670 6408
2671 4476
2689 5175
2692 3070
2692 5325
2694 5175
2695 4189
2695 5760
2695 5765
2707 4426
2709 3114
2729 5701
2730 4976
2736 3313
2736 3314
2736 3315
2741 4547
2744 3410
2744 4987
2745 5234
2745 5235
2747 5059
2747 5185
2747 5186
2748 4924
2748 5143
2749 5060
2776 6038
2792 5700
2808 4426
2821 4662
2828 4641
2859 5680
2887 3893
2887 5751
2887 6410
2895 5971
2908 4968
2910 6049
2912 2913
2914 4415
2915 2916
2915 2917
2915 2918
2915 2919
2915 2920
2915 2921
2915 2922
2915 2923
2916 3646
2917 4170
2918 3646
2919 2920
2920 5934
2920 6189
2920 6227
2920 6228
2920 6229
2921 4170
2922 3646
2927 4207
2927 4212
2927 5278
2927 5449
2927 5450
2930 3378
2938 3796
2941 4199
2942 3796
2943 4190
2943 4197
2950 3796
2952 3796
2953 3796
2955 3796
2956 3796
2957 3796
2958 3031
2958 3153
2958 3397
2958 3940
2958 5497
2958 5925
2961 3036
2961 3040
2964 3941
2964 5408
2964 6343
2967 4213
2968 3350
2969 4216
2969 6351
2971 3350
2974 4349
2981 3251
2985 3010
2987 4213
2990 4215
2991 5351
2992 3003
2994 4213
2998 3025
2998 6284
2999 3350
3000 3022
3000 3032
3000 5916
3000 6335
3000 6336
3000 6337
3002 4216
3002 5427
3002 6312
3003 3617
3004 3010
3005 4213
3007 3260
3007 6334
3008 3350
3009 4216
3010 3066
3010 3254
3010 4142
3010 4216
3010 4261
3010 5868
3010 5872
3010 5895
3010 5896
3010 5897
3011 6260
3013 3034
3014 3350
3019 5896
3020 3350
3022 5339
3024 3044
3027 4215
3028 6464
3030 3350
3037 3505
3037 6330
3037 6331
3038 6223
3050 5582
3055 3056
3056 4901
3057 3184
3057 3389
3057 3938
3058 3062
3058 3481
3058 3485
3058 3490
3058 3493
3058 3494
3058 3774
3058 3777
3058 3780
3058 3781
3058 3810
3058 3901
3058 3903
3058 3904
3058 3910
3058 3912
3058 3916
3058 3917
3058 3920
3058 4094
3058 4096
3058 4105
3058 4108
3058 4417
3058 4576
3058 5462
3058 5470
3058 5485
3058 5854
3058 5911
3058 5922
3058 5927
3058 5933
3058 5950
3058 5954
3058 5968
3058 6204
3058 6208
3058 6230
3058 6231
3058 6232
3058 6233
3058 6234
3058 6235
3058 6236
3058 6237
3058 6238
3058 6239
3058 6240
3058 6241
3058 6242
3058 6243
3058 6244
3059 4205
3059 5917
3059 5918
3060 4286
3060 4287
3060 4288
3062 3481
3062 3482
3062 3483
3062 3484
3062 3485
3062 3486
3062 3487
3062 3488
3062 3489
3062 3490
3062 3491
3062 3492
3062 3493
3062 3494
3062 3495
3062 3496
3062 3497
3063 5525
3063 5528
3063 6220
3063 6221
3063 6222
3064 3252
3064 4049
3067 3778
3067 3786
3067 3883
3067 3884
3067 3885
3068 4116
3070 3898
3070 5913
3070 6291
3070 6333
3071 5460
3072 5947
3073 5919
3073 5920
3082 3083
3085 3175
3085 3176
3085 3177
3092 3093
3092 3094
3093 3116
3093 3117
3093 3118
3095 3096
3095 3097
3095 3098
3095 3099
3095 3100
3102 3103
3102 3104
3102 3105
3103 3172
3106 3107
3106 3108
3111 3112
3116 4675
3149 3150
3150 3291
3150 3891
3150 4051
3150 4074
3150 4164
3150 5502
3150 5538
3150 5773
3150 5904
3150 6198
3153 3154
3153 3155
3155 3163
3159 3160
3161 3162
3166 3819
3167 3819
3191 6411
3192 3921
3194 3771
3194 3772
3197 3506
3197 3845
3197 3846
3197 3847
3197 3848
3197 3865
3197 3868
3197 5109
3197 5238
3197 6120
3197 6140
3197 6141
3197 6142
3207 5039
3208 3540
3208 3606
3210 5314
3210 5319
3210 5320
3210 5321
3210 6273
3210 6279
3210 6286
3210 6320
3210 6379
3210 6430
3220 3385
3220 3978
3220 6384
3238 4752
3240 3899
3245 4332
3245 5508
3246 3272
3246 3285
3246 6219
3246 6226
3246 6271
3246 6272
3246 6273
3246 6274
3246 6275
3248 4301
3250 3414
3250 3801
3251 4227
3251 6284
3251 6285
3252 3928
3252 5095
3252 5433
3252 5509
3252 5518
3252 5519
3252 5520
3254 4356
3254 5581
3254 5582
3254 5583
3254 5584
3255 4142
3255 5464
3255 5465
3257 5033
3258 4549
3258 5531
3258 5874
3258 6203
3259 3475
3260 5497
3260 6180
3260 6250
3260 6251
3261 3822
3261 4138
3261 4213
3262 4200
3266 3277
3266 4217
3266 4225
3266 5956
3267 4301
3268 6213
3268 6275
3268 6276
3270 5387
3270 5388
3270 5389
3273 5904
3276 4179
3277 5420
3278 3280
3278 5951
3278 5952
3279 3398
3279 3400
3279 3401
3279 5508
3282 4127
3282 6258
3282 6289
3288 5769
3288 6286
3290 4216
3292 5873
3300 4276
3302 3796
3305 3901
3305 6246
3306 5496
3311 3312
3318 4476
3332 3446
3339 5349
3341 3342
3350 3942
3350 3945
3350 4131
3350 4334
3350 6260
3350 6380
3350 6381
3356 3642
3357 3362
3358 5414
3359 3882
3359 4328
3359 4356
3359 4357
3359 4358
3359 4359
3361 6055
3363 5414
3363 6346
3364 3389
3366 6055
3367 5308
3374 5957
3376 6226
3379 3380
3379 3381
3379 3382
3379 3383
3379 3384
3380 3381
3380 3384
3380 4549
3380 5468
3380 5524
3380 5526
3380 5529
3380 6220
3380 6225
3380 6288
3383 5524
3384 5526
3389 3796
3389 4219
3389 4362
3399 5762
3401 5762
3402 4213
3410 3411
3410 3412
3410 3413
3415 3416
3415 3417
3415 3418
3426 3427
3426 3428
3426 3429
3426 3430
3426 3431
3426 3432
3426 3433
3427 3442
3427 3443
3433 4929
3434 3435
3435 5328
3435 5899
3435 5902
3435 5931
3435 6252
3435 6267
3435 6269
3435 6287
3435 6317
3435 6356
3435 6366
3435 6374
3435 6378
3435 6379
3442 4302
3443 4302
3443 4349
3443 4350
3443 4351
3443 4352
3443 4353
3446 4550
3446 5776
3446 6162
3447 4842
3450 5612
3463 4850
3468 3469
3469 3542
3469 3566
3469 4573
3469 5185
3471 3472
3472 3473
3475 5370
3477 5584
3483 3969
3484 3899
3485 3486
3485 4295
3485 4296
3485 4297
3485 4298
3485 4299
3485 4300
3486 3504
3486 3505
3486 3775
3486 3776
3486 3951
3486 4060
3486 4180
3486 4187
3486 4316
3486 4343
3486 4417
3486 5429
3486 5436
3486 5438
3486 5487
3486 5488
3486 5489
3486 5490
3486 5491
3486 5492
3486 5493
3486 5494
3486 5495
3489 3915
3497 3774
3498 3499
3503 3504
3503 3505
3504 3899
3505 3806
3505 3810
3505 3811
3505 3812
3506 4017
3506 4392
3506 5585
3506 5586
3506 5587
3506 5588
3506 5589
3506 5590
3506 5591
3521 3522
3527 3528
3527 3529
3527 3530
3531 3573
3531 4036
3532 3534
3532 3572
3532 3583
3532 3584
3532 3585
3532 3586
3532 3587
3532 3588
3532 3589
3532 3590
3533 3565
3533 3571
3533 3592
3533 3595
3533 3596
3533 3630
3533 3633
3533 3634
3533 3636
3533 3639
3533 4042
3533 6098
3533 6099
3533 6100
3533 6101
3534 3584
3534 3598
3534 3599
3534 3600
3534 3601
3534 3602
3534 3603
3534 3604
3536 5156
3536 5164
3536 6102
3537 3564
3537 3575
3537 3579
3537 3597
3537 3605
3539 3597
3539 5160
3539 5161
3539 5163
3539 6108
3540 3570
3540 3605
3540 3606
3540 3607
3540 3608
3540 3609
3540 3610
3540 3611
3542 3640
3543 3633
3543 5165
3543 5171
3543 5172
3544 3629
3545 3563
3545 3579
3545 4560
3545 5147
3545 5148
3545 5149
3546 3559
3546 3563
3548 3595
3548 3596
3550 3578
3552 3562
3552 3832
3552 3833
3553 5158
3554 4544
3556 3595
3556 3630
3563 5152
3565 3576
3566 4544
3569 5156
3573 6109
3574 3612
3584 3586
3584 3600
3584 3601
3584 3602
3584 4854
3586 3592
3587 3594
3588 5169
3588 5170
3612 5149
3612 5154
3612 5156
3612 5157
3612 5159
3612 5160
3612 5161
3612 5162
3613 3626
3615 3905
3615 5470
3616 4160
3616 5416
3621 4518
3621 5179
3621 5217
3621 5838
3621 5839
3626 5182
3626 5183
3635 6143
3642 5486
3646 4170
3646 4189
3646 4315
3646 5390
3646 5391
3646 5392
3646 5393
3646 5394
3646 5395
3646 5396
3646 5397
3646 5398
3646 5399
3646 5400
3646 5401
3646 5402
3646 5403
3646 5404
3646 5405
3650 6411
3652 4432
3652 5242
3652 5251
3652 5256
3652 5267
3656 5657
3658 5787
3658 5899
3658 6270
3658 6365
3660 3893
3673 4575
3680 3688
3750 3751
3751 4429
3751 5744
3751 6163
3753 4854
3758 4742
3762 4742
3764 4740
3774 3775
3774 3776
3774 3777
3774 3778
3774 3779
3774 3780
3774 3781
3774 3782
3774 3783
3774 3784
3774 3785
3774 3786
3775 3788
3775 3952
3777 6259
3779 3900
3780 3781
3780 3872
3780 3900
3780 3903
3780 3911
3780 4090
3780 4091
3780 4092
3780 4093
3780 4094
3780 4095
3780 4096
3780 4097
3780 4098
3780 4099
3780 4100
3789 3790
3789 3791
3789 3792
3789 3793
3789 3794
3793 6187
3796 4190
3796 4240
3796 4246
3796 4248
3796 4249
3796 4251
3796 4290
3796 4291
3796 5364
3796 5372
3796 5373
3796 5455
3796 5456
3796 5521
3796 5845
3796 5846
3796 5847
3796 5848
3796 5849
3796 5850
3797 3798
3798 5844
3808 4733
3808 5803
3810 5435
3810 6341
3814 3893
3819 4345
3819 4346
3819 4347
3819 4348
3832 4449
3832 5143
3834 3835
3834 3836
3835 4950
3840 4427
3840 4428
3841 4861
3842 5109
3845 3846
3845 3849
3845 3855
3845 3858
3845 3864
3845 3866
3845 3869
3845 5109
3845 6083
3845 6120
3845 6121
3845 6122
3845 6123
3845 6124
3845 6125
3845 6126
3845 6127
3845 6128
3845 6129
3852 4427
3865 6070
3872 3873
3875 4466
3875 6175
3877 5063
3885 5462
3886 5377
3893 4392
3893 5305
3893 5971
3893 6153
3893 6154
3893 6155
3893 6156
3893 6157
3893 6158
3893 6159
3895 5191
3895 5192
3895 5206
3895 5207
3895 5208
3895 5209
3895 5210
3895 5211
3895 5212
3895 5213
3895 5214
3899 4095
3899 4180
3899 4181
3899 4182
3899 4183
3899 4184
3899 4185
3899 4186
3899 4187
3899 4188
3900 3901
3900 3902
3900 3903
3900 3904
3900 3905
3900 3906
3900 3907
3900 3908
3900 3909
3900 3910
3900 3911
3900 3912
3900 3913
3900 3914
3900 3915
3900 3916
3900 3917
3900 3918
3900 3919
3900 3920
3901 4090
3901 6311
3902 4481
3904 5860
3913 5462
3919 6208
3922 5473
3922 5906
3922 6327
3922 6328
3923 4308
3923 4607
3926 4917
3927 4582
3932 3937
3932 4110
3932 5476
3932 5914
3932 5949
3932 6313
3932 6314
3932 6315
3932 6316
3934 4110
3935 4110
3941 6465
3943 5320
3944 4338
3944 5347
3945 6380
3946 3947
3946 3948
3946 3949
3946 3950
3949 5434
3954 3955
3959 3960
3959 3961
3959 3962
3959 3963
3959 3964
3969 4117
3969 4118
3969 4119
3969 4120
3969 4121
3969 4122
3969 4123
3969 4124
3969 4125
3969 4126
3969 4127
3969 4128
3969 4129
3971 6153
3972 4722
3973 4753
3976 6145
3981 4984
3991 3998
4018 4722
4020 5790
4023 5602
4045 4284
4048 5375
4056 5892
4056 5969
4060 4061
4060 4062
4064 4537
4069 4262
4072 4284
4073 4083
4073 4158
4073 4334
4073 5506
4073 5855
4073 5856
4075 4262
4101 4106
4103 4104
4106 4344
4107 4108
4110 4111
4113 4114
4113 4115
4114 4305
4115 4305
4115 6205
4115 6324
4115 6325
4115 6326
4119 5511
4119 5867
4121 5926
4124 4318
4129 4318
4130 5335
4134 6186
4135 6336
4137 4323
4137 5509
4137 5510
4138 5366
4147 5342
4154 4913
4158 4262
4170 4558
4170 5760
4171 4172
4171 4173
4171 4174
4171 4175
4171 4176
4173 5867
4177 4178
4177 4179
4178 4360
4178 4365
4178 5357
4178 5891
4178 5967
4178 6348
4179 4201
4179 4360
4179 4361
4179 4362
4179 4363
4179 4364
4179 4365
4179 4366
4179 4367
4179 4368
4179 4369
4179 4370
4179 4371
4186 5487
4190 4191
4190 4192
4190 4193
4190 4194
4190 4195
4190 4196
4190 4197
4190 4198
4190 4199
4194 4244
4196 4244
4201 4202
4213 4311
4213 5408
4213 6180
4213 6181
4213 6182
4216 5422
4216 5868
4216 5869
4216 5870
4216 5871
4216 5872
4223 4331
4225 5387
4225 6202
4226 4274
4234 4368
4238 4244
4242 5455
4242 5456
4243 4920
4244 5372
4244 6361
4256 6383
4261 5895
4262 6372
4264 5374
4278 4913
4289 4290
4289 4291
4289 4292
4289 4293
4289 4294
4296 4297
4301 5448
4301 5522
4302 4350
4302 4353
4302 4929
4302 5368
4302 5440
4302 5441
4302 5442
4302 5443
4302 5444
4305 5923
4305 6206
4305 6253
4305 6318
4305 6344
4308 5359
4308 5928
4308 5929
4308 5930
4311 6181
4318 4481
4318 5417
4321 4338
4322 5414
4326 6342
4330 4338
4333 4355
4334 4875
4334 6055
4334 6190
4334 6191
4334 6192
4334 6193
4334 6194
4337 5498
4337 5499
4337 5500
4338 5842
4338 5882
4338 5883
4339 6462
4339 6463
4340 6300
4348 4547
4349 5859
4351 4575
4354 4355
4355 5345
4357 5416
4359 5582
4362 4363
4362 4369
4362 4371
4362 5376
4362 6201
4362 6347
4362 6348
4368 5357
4368 6332
4373 6473
4391 6446
4398 4747
4398 4748
4398 4749
4398 4750
4398 4751
4403 4717
4403 5066
4403 5070
4403 5749
4403 5750
4406 4547
4406 4963
4408 4471
4413 4471
4418 4419
4420 6469
4426 4865
4426 4866
4432 5034
4435 5143
4435 5180
4435 6111
4438 5225
4442 4444
4442 4452
4444 5180
4450 5143
4452 5180
4455 4457
4462 5033
4462 5341
4471 4962
4471 5842
4474 6442
4490 5042
4490 5043
4520 4571
4540 5305
4540 5306
4546 5984
4547 5445
4547 5446
4547 5912
4547 5961
4547 5965
4547 5966
4547 6185
4547 6293
4547 6301
4547 6302
4547 6303
4547 6304
4547 6305
4547 6306
4547 6307
4547 6308
4547 6309
4549 5523
4549 5524
4549 5525
4549 5526
4549 5527
4549 5528
4549 5529
4549 5530
4549 5531
4549 5532
4549 5533
4549 5534
4549 5535
4558 6261
4572 4793
4572 4817
4572 5145
4572 5146
4573 4608
4573 5035
4573 5129
4573 5130
4573 5131
4573 5132
4573 5133
4573 5134
4573 5135
4573 5136
4573 5137
4573 5138
4573 5139
4575 5368
4575 5369
4576 5361
4576 5943
4576 5944
4576 5945
4576 5946
4578 5453
4578 5863
4578 5864
4579 6196
4579 6330
4582 5414
4585 4843
4589 5653
4605 5229
4605 5230
4606 5177
4607 5175
4608 5170
4608 5193
4619 5835
4645 4690
4665 6433
4691 5701
4722 4756
4722 4757
4739 4740
4739 4741
4739 4742
4739 4743
4740 6116
4740 6117
4740 6118
4745 4774
4745 4775
4771 5281
4783 5144
4804 5301
4850 4851
4850 4852
4853 4854
4860 5037
4860 5101
4861 5057
4861 5058
4881 5414
4897 5596
4901 5658
4901 5704
4901 5706
4901 5710
4901 5713
4901 5814
4901 5818
4901 6432
4914 5948
4915 6209
4916 5645
4916 6167
4917 5356
4917 6263
4917 6264
4917 6265
4920 5850
4921 5283
4921 6168
4922 4925
4922 4988
4922 4989
4922 4999
4922 5006
4922 5015
4922 5017
4922 5021
4922 5023
4922 5823
4922 5824
4925 6166
4929 5371
4929 5483
4929 5484
4931 5752
4950 5104
4950 5105
4950 5106
4950 5107
4950 5108
4974 5653
4974 5654
4987 4988
4987 6413
4988 4997
4988 5004
4988 5007
4988 6402
4988 6449
4988 6450
4988 6451
4998 5023
4998 5823
4998 6470
5000 6176
5000 6177
5000 6178
5001 5002
5003 5006
5006 5824
5006 6403
5021 5022
5035 5036
5035 5037
5037 5174
5043 6459
5059 5060
5060 5174
5060 5179
5060 5186
5060 5216
5060 5233
5060 5239
5060 5795
5060 5838
5060 5839
5060 6392
5075 5686
5096 5097
5106 5117
5109 5238
5109 6058
5109 6113
5109 6114
5109 6115
5119 5184
5119 5217
5123 5189
5123 6386
5134 5175
5134 6119
5137 5175
5138 5176
5143 5218
5143 5221
5143 5223
5143 6096
5143 6110
5143 6138
5161 6108
5164 6103
5169 5233
5174 5175
5174 5176
5175 5768
5177 5178
5177 5179
5180 5220
5180 5221
5180 5222
5180 5223
5180 5224
5182 5759
5215 5216
5215 5217
5218 5219
5225 6096
5239 5240
5280 5554
5280 6146
5314 5318
5322 5875
5324 5865
5324 5866
5334 5884
5338 5351
5339 5407
5339 5890
5341 5862
5342 5862
5346 5416
5347 5481
5348 6461
5349 5630
5351 5466
5351 5467
5353 5851
5353 5852
5353 5853
5354 5414
5361 5938
5363 5364
5366 5762
5367 5414
5378 5857
5378 5858
5383 6277
5402 5469
5408 6343
5414 5439
5416 5908
5416 5909
5417 6247
5425 5896
5427 6312
5430 6268
5449 6377
5456 6299
5458 5955
5460 5894
5461 5462
5462 5861
5462 6281
5462 6282
5462 6283
5464 6188
5469 6256
5469 6338
5469 6339
5469 6340
5470 5887
5470 5888
5470 5889
5509 5906
5509 5907
5516 6322
5534 6225
5535 6288
5537 5880
5543 5626
5558 5669
5561 5810
5570 5979
5579 5580
5580 5970
5602 5791
5607 6435
5613 5690
5670 6056
5684 5756
5688 5944
5701 5702
5714 5831
5722 5831
5748 5757
5748 5809
5769 6286
5775 6046
5791 6049
5834 5835
5841 5879
5841 6210
5845 6367
5867 5958
5867 5959
5867 5960
5873 5877
5879 5880
5879 5881
5893 5969
5894 6373
5894 6466
5896 6362
5900 5903
5901 6270
5903 6317
5905 6195
5923 5924
5924 6325
5926 5927
5931 5932
5937 6321
5937 6371
5939 6328
5943 6467
5947 6341
5947 6468
5948 5949
5961 5962
5961 5963
5961 5964
5961 5965
5961 5966
5969 6184
5979 6436
5988 6148
6097 6130
6097 6131
6110 6111
6111 6139
6134 6388
6158 6472
6163 6164
6183 6184
6190 6464
6200 6249
6207 6253
6213 6224
6213 6363
6230 6319
6238 6364
6250 6299
6253 6254
6253 6255
6253 6256
6253 6257
6266 6267
6269 6270
6273 6310
6286 6331
6320 6321
6320 6322
6320 6323
6325 6345
