1
2
3
4
5
6
7
8
9
10
11
12
13
14
15
16
17
18
19
20
21
22
23
24
25
26
27
28
29
30
31
32
33
34
35
36
37
38
39
40
41
42
43
44
45
46
47
48
49
50
51
52
53
54
55
56
57
58
59
60
61
62
63
64
65
66
67
68
69
70
71
72
73
74
75
76
77
78
79
80
81
82
83
84
85
86
87
88
89
90
91
92
93
94
95
96
97
98
99
100
101
102
103
104
105
106
107
108
109
110
111
112
113
114
115
116
117
118
119
120
121
122
123
124
125
126
127
128
129
130
131
132
133
134
135
136
137
138
139
140
141
142
143
144
145
146
147
148
149
150
151
152
153
154
155
156
157
158
159
160
161
162
163
164
165
166
167
168
169
170
171
172
173
174
175
176
177
178
179
180
181
182
183
184
185
186
187
188
189
190
191
192
193
194
195
196
197
198
199
200
201
202
203
204
205
206
207
208
209
210
211
212
213
214
215
216
217
218
219
220
221
222
223
224
225
226
227
228
229
230
231
232
233
234
235
236
237
238
239
240
241
242
243
244
245
246
247
248
249
250
251
252
253
254
255
256
257
258
259
260
261
262
263
264
265
266
267
268
269
270
271
272
273
274
275
276
277
278
279
280
281
282
283
284
285
286
287
288
289
290
291
292
293
294
295
296
297
298
299
300
301
302
303
304
305
306
307
308
309
310
311
312
313
314
315
316
317
318
319
320
321
322
323
324
325
326
327
328
329
330
331
332
333
334
335
336
337
338
339
340
341
342
343
344
345
346
347
348
349
350
351
352
353
354
355
356
357
358
359
360
361
362
363
364
365
366
367
368
369
370
371
372
373
374
375
376
377
378
2
3
4
5
6
7
8
9
10
12
16
18
19
20
21
22
23
25
26
28
30
31
32
33
34
35
37
38
39
41
42
44
45
47
48
49
51
52
56
57
59
60
61
62
63
66
67
69
70
71
72
73
74
75
76
77
78
79
80
82
83
84
85
86
87
88
89
90
92
93
94
101
102
105
106
108
109
118
121
122
123
124
126
131
134
135
137
138
139
140
141
146
148
150
151
167
168
170
171
173
174
176
180
182
183
187
188
189
190
193
195
196
198
199
200
203
207
208
212
214
215
216
220
221
223
224
229
232
234
235
236
238
242
246
247
249
251
254
258
263
266
267
270
272
273
274
275
276
281
282
288
289
293
294
296
299
302
304
305
307
308
309
310
311
314
315
317
318
320
323
324
328
331
334
339
343
344
346
347
348
349
350
351
352
356
358
368
369
372
373
374
391
394
399
417
420
423
430
434
438
441
445
446
454
459
475
477
481
484
490
499
523
540
547
551
553
554
555
556
567
568
569
571
572
573
575
581
587
588
590
591
597
599
600
606
607
608
609
610
612
613
624
628
629
631
633
634
635
636
637
638
639
640
641
642
643
644
648
652
656
659
661
670
673
677
678
682
689
696
702
703
704
707
716
717
724
734
736
737
740
745
746
749
752
754
756
758
759
762
764
769
771
778
780
781
782
784
785
786
800
803
804
809
810
833
836
843
847
871
872
874
899
903
904
922
928
930
931
933
936
938
940
941
943
944
959
997
998
1029
1032
1037
1050
1053
1057
1058
1059
1060
1061
1062
1063
1064
1065
1066
1067
1068
1069
1070
1071
1072
1073
1074
1075
1076
1077
1078
1079
1080
1081
1082
1083
1084
1085
1086
1087
1088
1089
1090
1091
1092
1093
1094
1095
1096
1097
1098
1099
1100
1101
1102
1103
1104
1105
1106
1107
1108
1109
1110
1111
1112
1113
1114
1115
1116
1117
1118
1119
1120
1121
1122
1123
1124
1125
1126
1127
1128
1129
1130
1131
1132
1133
1134
1135
1136
1137
1138
1139
1140
1141
1142
1143
1144
1145
1146
1147
1148
1149
1150
1151
1152
1153
1154
1155
1156
1157
1158
1159
1160
1161
1162
1163
1164
1165
1166
1167
1168
1169
1170
1171
1172
1173
1174
1175
1176
1177
1178
1179
1180
1181
1182
1183
1184
1185
1186
1187
1188
1189
1190
1191
1192
1193
1194
1195
1196
1197
1198
1199
1200
1201
1202
1203
1204
1205
1206
1207
1208
1209
1210
1211
1212
1213
1214
1215
1216
1217
1218
1219
1220
1221
1222
1223
1224
1225
1226
1227
1228
1229
1230
1231
1232
1233
1234
1235
1236
1237
1238
1239
1240
1241
1242
1243
1244
1245
1246
1247
1248
1249
1250
1251
1252
1253
1254
1255
1256
1257
1258
1259
1260
1261
1262
1263
1264
1265
1266
1267
1268
1269
1270
1271
1272
1273
1274
1275
1276
1277
1278
1279
1280
1281
1282
1283
1284
1285
1286
1287
1288
1289
1290
1291
1292
1293
1294
1295
1296
1297
1298
1299
1300
1301
1302
1303
1304
1305
1306
1307
1308
1309
1310
1311
1312
1313
1314
1315
1316
1317
1318
1319
1320
1321
1322
1323
1324
1325
1326
1327
1328
1329
1330
1331
1332
1333
1334
1335
1336
1337
1338
1339
1340
1341
1342
1343
1344
1345
1346
1347
1348
1349
1350
1351
1352
1353
1354
1355
1356
1357
1358
1359
1360
1361
1362
1363
1364
1365
1366
1367
1368
1369
1370
1371
1372
1373
1374
1375
1376
1377
1378
1379
1380
1381
1382
1383
1384
1385
1386
1387
1388
1389
1390
1391
1392
1393
1394
1395
1396
1397
1398
1399
1400
1401
1402
1403
1404
1405
1406
1407
1408
1409
1410
1411
1412
1413
1414
1415
1416
1417
1418
1419
1420
1421
1422
1423
1424
1425
1426
1427
1428
1429
1430
1431
1432
1433
1434
1435
1436
1437
1438
1439
1440
1441
1442
1443
1444
1445
1446
1447
1448
1449
1450
1451
1452
1453
1454
1455
1456
1457
1458
1459
1460
1461
1462
1463
1464
1465
1466
1467
1468
1469
1470
1471
1472
1473
1474
1475
1476
1477
1478
1479
1480
1481
1482
1483
1484
1485
1486
1487
1488
1489
1490
1491
1492
1493
1494
1495
1496
1497
1498
1499
1500
1501
1502
1503
1504
1505
1506
1507
1508
1509
1510
1511
1512
1513
1514
1515
1516
1517
1518
1519
1520
1521
1522
1523
1524
1525
1526
1527
1528
1529
1530
1531
1532
1533
1534
1535
1536
1537
1538
1539
1540
1541
1542
1543
1544
1545
1546
1547
1548
1549
1550
1551
1552
1553
1554
1555
1556
1557
1558
1559
1560
1561
1562
1563
1564
1565
1566
1567
1568
1569
1570
1571
1572
1573
1574
1575
1576
1577
1578
1579
1580
1581
1582
1583
1584
1585
1586
1587
1588
1589
1590
1591
1592
1593
1594
1595
1596
1597
1598
1599
1600
1601
1602
1603
1604
1605
1606
1607
1608
1609
1610
1611
1612
1613
1614
1615
1616
1617
1618
1619
1620
1621
1622
1623
1624
1625
1626
1627
1628
1629
1630
1631
1632
1633
1634
1635
1636
1637
1638
1639
1640
1641
1642
1643
1644
1645
1646
1647
1648
1649
1650
1651
1652
1653
1654
1655
1656
1657
1658
1659
1660
1661
1662
1663
1664
1665
1666
1667
1668
1669
1670
1671
1672
1673
1674
1675
1676
1677
1678
1679
1680
1681
1682
1683
1684
1685
1686
1687
1688
1689
1690
1691
1692
1693
1694
1695
1696
1697
1698
1699
1700
1701
1702
1703
1704
1705
1706
1707
1708
1709
1710
1711
1712
1713
1714
1715
1716
1717
1718
1719
1720
1721
1722
1723
1724
1725
1726
1727
1728
1729
1730
1731
1732
1733
1734
1735
1736
1737
1738
1739
1740
1741
1742
1743
1744
1745
1746
1747
1748
1749
1750
1751
1752
1753
1754
1755
1756
1757
1758
1759
1760
1761
1762
1763
1764
1765
1766
1767
1768
1769
1770
1771
1772
1773
1774
1775
1776
1777
1778
1779
1780
1781
1782
1783
1784
1785
1786
1787
1788
1789
1790
1791
1792
1793
1794
1795
1796
1797
1798
1799
1800
1801
1802
1803
1804
1805
1806
1807
1808
1809
1810
1811
1812
1813
1814
1815
1816
1817
1818
1819
1820
1821
1822
1823
1824
1825
1826
1827
1828
1829
1830
1831
1832
1833
1834
1835
1836
1837
1838
1839
1840
1841
1842
1843
1844
1845
1846
1847
1848
1849
1850
1851
1852
1853
1854
1855
1856
1857
1858
1859
1860
1861
1862
1863
1864
1865
1866
1867
1868
1869
1870
1871
1872
1873
1874
1875
1876
1877
1878
1879
1880
1881
1882
1883
1884
1885
1886
1887
1888
1889
1890
1891
1892
1893
1894
1895
1896
1897
1898
1899
1900
1901
1902
1903
1904
1905
1906
1907
1908
1909
1910
1911
1912
1913
1914
1915
1916
1917
1918
1919
1920
1921
1922
1923
1924
1925
1926
1927
1928
1929
1930
1931
1932
1933
1934
1935
1936
1937
1938
1939
1940
1941
1942
1943
1944
1945
1946
1947
1948
1949
1950
1951
1952
1953
1954
1955
1956
1957
1958
1959
1960
1961
1962
1963
1964
1965
1966
1967
1968
1969
1970
1971
1972
1973
1974
1975
1976
1977
1978
1979
1980
1981
1982
1983
1984
1985
1986
1987
1988
1989
1990
1991
1992
1993
1994
1995
1996
1997
1998
1999
2000
2001
2002
2003
2004
2005
2006
2007
2008
2009
2010
2011
2012
2013
2014
2015
2016
2017
2018
2019
2020
2021
2022
2023
2024
2025
2026
2027
2028
2029
2030
2031
2032
2033
2034
2035
2036
2037
2038
2039
2040
2041
2042
2043
2044
2045
2046
2047
2048
2049
2050
2051
2052
2053
2054
2055
2056
2057
2058
2059
2060
2061
2062
2063
2064
2065
2066
2067
2068
2069
2070
2071
2072
2073
2074
2075
2076
2077
2078
2079
2080
2081
2082
2083
2084
2085
2086
2087
2088
2089
2090
2091
2092
2093
2094
2095
2096
2097
2098
2099
2100
2101
2102
2103
2104
2105
2106
2107
2108
2109
2110
2111
2112
2113
2114
2115
2116
2117
2118
2119
2120
2121
2122
2123
2124
2125
2126
2127
2128
2129
2130
2131
2132
2133
2134
2135
2136
2137
2138
2139
2140
2141
2142
2143
2144
2145
2146
2147
2148
2149
2150
2151
2152
2153
2154
2155
2156
2157
2158
2159
2160
2161
2162
2163
2164
2165
2166
2167
2168
2169
2170
2171
2172
2173
2174
2175
2176
2177
2178
2179
2180
3
4
5
6
7
8
9
15
16
20
21
22
24
26
28
31
35
38
41
47
48
49
51
56
57
60
61
63
65
67
85
86
92
93
100
101
126
131
133
134
138
148
171
173
180
183
196
197
199
209
217
222
242
243
247
248
251
269
367
377
388
417
423
440
445
455
457
460
464
465
466
468
476
522
547
551
563
579
580
603
604
631
653
662
676
679
684
716
718
721
739
801
802
831
858
871
872
874
899
901
902
903
913
914
922
923
926
928
930
932
936
937
938
940
941
943
946
1079
1120
1122
1127
1128
1163
1201
1204
1209
1262
1285
1286
1291
1295
1299
1342
1466
1469
1481
1489
1509
1555
1584
1623
1626
1630
1639
1640
1645
1656
1663
1696
1703
1706
1713
1730
1745
1766
1777
1783
1789
1814
1882
1928
1966
1968
2072
2077
2097
2109
2119
2120
2154
2318
2546
2572
2591
2601
2621
2673
2676
2716
2720
2764
2786
2812
2867
2892
3046
3194
3211
3214
3215
3218
3223
3225
3226
3254
3311
3322
3331
3465
3527
3657
3664
3665
3680
3683
3689
3845
3893
3894
3959
3966
3967
3968
3969
3970
3971
3972
3973
3974
3975
3976
3977
3978
3979
3980
3981
3982
3983
3984
3985
3986
3987
3988
3989
3990
3991
3992
3993
3994
3995
3996
3997
3998
3999
4000
4001
4002
4003
4004
4005
4006
4007
4008
4009
4010
4011
4012
4013
4014
4015
4016
4017
4018
4019
4020
4021
4022
4023
4024
4025
4026
4027
4028
4029
4030
4031
4032
4033
4034
4035
4036
4037
4038
4039
4
5
6
7
8
9
12
16
19
20
21
22
24
26
27
28
31
33
38
41
45
47
48
49
50
51
52
53
56
60
63
65
67
85
86
92
100
101
105
131
135
138
148
173
176
180
183
196
199
209
217
224
242
248
301
338
417
438
468
476
547
563
579
600
631
653
662
698
716
766
801
822
823
826
871
872
874
899
902
903
904
905
907
913
914
920
923
926
928
930
931
932
938
940
941
943
944
946
1040
1079
1112
1311
1423
1497
1675
1706
1740
1859
1894
2031
2077
2109
2249
3045
3254
3377
3447
3458
3506
3892
3893
3894
3895
3896
3897
5
6
8
10
15
16
18
20
22
24
26
38
41
45
47
48
51
56
60
85
86
92
101
129
131
133
148
180
196
199
219
248
475
551
552
631
653
856
857
858
859
860
861
862
863
864
865
866
867
868
869
870
871
872
873
874
875
876
877
878
879
880
881
882
883
884
885
886
887
888
889
890
891
892
893
894
895
6
7
8
9
10
15
16
19
20
21
22
24
26
27
28
31
36
38
41
45
47
51
52
53
56
60
63
67
85
86
92
93
101
105
107
131
133
138
148
180
183
196
197
199
217
242
248
381
383
388
393
398
401
407
408
409
410
415
422
426
427
431
435
468
469
492
502
503
519
526
543
579
600
617
653
662
669
716
801
817
819
845
858
871
874
897
898
899
900
901
902
903
904
905
906
907
908
909
910
911
912
913
914
915
916
917
918
919
920
921
922
923
924
925
926
927
928
929
930
931
932
933
934
935
936
937
938
939
940
941
942
943
944
945
946
7
8
9
10
16
18
19
20
21
22
24
27
34
35
38
41
42
47
48
49
51
56
57
59
60
61
63
67
70
76
77
81
82
85
86
92
93
101
105
117
119
126
129
131
133
146
148
167
173
179
180
186
196
199
207
210
251
275
277
279
282
294
309
311
322
327
328
333
343
344
345
352
367
368
369
372
380
381
383
388
409
432
438
447
456
476
483
508
545
547
582
605
608
612
629
631
636
652
653
655
657
662
665
666
690
698
703
706
712
716
720
725
726
729
730
731
738
742
743
746
747
751
771
779
780
803
843
847
858
871
874
920
923
926
927
933
936
938
939
940
946
996
1029
1032
1057
1061
1063
1067
1069
1087
1093
1094
1101
1104
1108
1119
1153
1154
1162
1164
1166
1172
1176
1179
1191
1194
1208
1219
1235
1272
1286
1287
1291
1303
1311
1316
1318
1328
1339
1345
1346
1348
1359
1364
1366
1374
1398
1399
1400
1403
1409
1418
1434
1437
1453
1459
1465
1467
1476
1485
1493
1496
1499
1526
1531
1533
1537
1539
1540
1541
1547
1550
1555
1588
1600
1604
1618
1632
1633
1646
1649
1654
1659
1661
1669
1672
1674
1688
1693
1699
1708
1714
1717
1720
1723
1732
1738
1746
1751
1752
1753
1755
1756
1757
1758
1759
1760
1761
1763
1773
1785
1788
1799
1807
1808
1809
1816
1826
1834
1835
1836
1837
1846
1853
1857
1858
1875
1876
1877
1880
1893
1895
1896
1897
1898
1899
1900
1901
1918
1920
1921
1924
1933
1934
1939
1941
1942
1953
1964
1966
1977
1983
1985
1989
1994
1996
2004
2005
2006
2007
2008
2009
2010
2012
2013
2014
2015
2016
2019
2033
2063
2067
2083
2159
2166
2170
2171
2180
2193
2194
2199
2552
2560
2562
2572
2576
2580
2583
2587
2591
2594
2596
2614
2617
2622
2632
2633
2642
2645
2648
2660
2665
2674
2679
2682
2695
2697
2704
2714
2715
2729
2735
2737
2739
2740
2745
2746
2747
2749
2752
2753
2756
2758
2767
2768
2771
2772
2776
2783
2784
2785
2787
2789
2790
2791
2792
2793
2797
2801
2802
2803
2804
2805
2806
2807
2811
2816
2817
2822
2823
2824
2825
2826
2827
2834
2836
2837
2838
2839
2840
2841
2849
2854
2871
2880
2888
2897
2898
2907
2912
2915
2926
3058
3090
3190
3191
3216
3222
3227
3228
3269
3316
3318
3321
3328
3330
3339
3404
3410
3436
3450
3451
3475
3572
3621
3626
3650
3666
3668
3676
3685
3693
3696
3697
3700
3705
3706
3714
3735
3740
3774
3825
3837
3892
3896
3921
3932
3953
3965
3968
3986
4001
4004
4007
4027
4040
4063
4107
4219
4302
4305
4374
4380
4398
4400
4402
4418
4424
4425
4434
4454
4469
4476
4485
4509
4521
4522
4523
4524
4525
4526
4527
4528
4529
4530
4531
4532
4533
4534
4535
4536
4537
4538
4539
4540
4541
4542
4543
4544
4545
4546
4547
4548
4549
4550
4551
4552
4553
4554
4555
4556
4557
4558
4559
4560
4561
4562
4563
4564
4565
4566
4567
4568
4569
4570
4571
4572
4573
4574
4575
4576
4577
4578
4579
4580
4581
4582
4583
4584
4585
4586
4587
4588
4589
4590
4591
4592
4593
4594
4595
4596
4597
4598
4599
4600
4601
4602
4603
4604
4605
4606
4607
4608
4609
4610
4611
4612
4613
4614
4615
4616
4617
4618
4619
4620
4621
4622
4623
4624
4625
4626
4627
4628
4629
4630
4631
4632
4633
4634
4635
4636
4637
4638
4639
4640
4641
4642
4643
4644
4645
4646
4647
4648
4649
4650
4651
4652
4653
4654
4655
4656
4657
4658
4659
4660
4661
4662
4663
4664
4665
4666
4667
4668
4669
4670
4671
4672
4673
4674
4675
4676
4677
4678
4679
4680
4681
4682
4683
4684
4685
4686
4687
4688
4689
4690
4691
4692
4693
4694
4695
4696
4697
4698
4699
4700
4701
4702
4703
4704
4705
4706
4707
4708
4709
4710
4711
4712
4713
4714
4715
4716
4717
4718
4719
4720
9
12
13
15
16
20
21
22
23
24
26
28
29
30
32
34
38
45
47
48
49
51
52
56
57
60
61
63
67
72
74
76
77
85
92
93
101
110
126
131
133
136
148
167
170
173
176
180
183
195
197
206
210
221
257
266
270
282
290
293
296
300
309
328
352
380
391
453
485
500
515
540
544
560
576
577
592
622
624
633
653
657
677
680
689
694
702
706
715
735
771
809
848
858
899
902
914
922
923
928
1027
1057
1059
1061
1062
1063
1064
1065
1067
1068
1070
1072
1073
1074
1076
1077
1078
1079
1080
1081
1082
1084
1087
1088
1094
1108
1112
1120
1242
1251
1255
1307
1325
1346
1359
1361
1393
1397
1424
1439
1446
1459
1487
1522
1528
1531
1553
1579
1602
1604
1642
1646
1666
1667
1680
1704
1720
1753
1760
1789
1890
1896
1908
1929
1933
1951
1975
1976
1984
1997
2001
2002
2024
2034
2036
2045
2081
2090
2110
2111
2121
2134
2156
2176
2177
2179
2194
2412
2545
2569
2570
2571
2572
2573
2574
2576
2577
2578
2579
2580
2581
2594
2610
2614
2617
2628
2643
2644
2654
2673
2719
2722
2751
2754
2778
2806
2807
2840
2881
3116
3120
3146
3188
3189
3190
3192
3193
3224
3236
3316
3325
3330
3339
3377
3436
3450
3462
3519
3523
3647
3648
3649
3667
3706
3712
3727
3747
3752
3805
3966
3968
3984
4016
4026
4229
4362
4426
4430
4485
4492
4521
4522
4523
4524
4525
4526
4527
4529
4530
4531
4532
4533
4534
4535
4536
4537
4539
4547
4548
4585
4587
4589
4599
4603
4611
4613
4620
4626
4630
4640
4650
4656
4659
4660
4678
4679
4680
4682
4697
4698
4702
4708
4709
4711
4759
4837
4842
4887
4901
4939
4966
4970
5035
5040
5060
5080
5081
5180
5273
5303
5304
5549
5556
5603
5609
5612
5617
5647
5648
5649
5653
5661
5686
5687
5689
5693
5739
5745
5752
5759
5804
5808
5811
5830
5832
5834
5985
5986
5987
5988
5989
5990
5991
5992
5993
5994
5995
5996
5997
5998
5999
6000
6001
6002
6003
6004
6005
6006
6007
6008
6009
6010
6011
6012
6013
6014
6015
6016
6017
6018
6019
6020
6021
6022
6023
6024
6025
6026
6027
6028
6029
6030
6031
6032
6033
9
10
21
22
24
26
33
45
47
56
60
63
67
92
93
101
131
148
170
173
180
197
199
207
209
242
244
248
537
539
561
562
631
653
716
872
902
928
930
932
938
946
1112
1121
2109
2307
2464
3045
3254
3469
3531
3532
3533
3534
3535
3536
3537
3538
3539
3540
3541
3542
3543
3544
3545
3546
3547
3548
3549
3550
3551
3552
3553
3554
3555
3556
3557
3558
3559
3560
3561
3562
3563
3564
3565
3566
3567
3568
3569
3570
3571
3572
3573
3574
3575
3576
3577
3578
3579
3580
3581
3582
10
15
16
18
19
20
21
22
24
25
26
27
28
30
31
34
35
38
41
45
47
48
49
51
52
56
57
59
60
61
63
70
72
76
77
82
84
85
86
87
89
90
92
101
105
108
110
114
118
119
123
126
129
131
133
134
146
148
167
170
171
176
180
182
195
196
200
207
215
216
220
221
224
235
240
248
251
256
257
259
266
267
276
277
283
285
287
296
305
306
309
315
319
325
326
351
352
367
368
369
372
391
394
438
441
446
448
459
462
511
515
540
547
551
579
586
602
612
623
631
633
635
636
653
657
659
663
666
670
673
684
689
691
696
698
715
716
744
745
753
755
759
765
767
771
778
780
785
789
819
820
832
843
844
848
858
874
902
904
922
938
940
941
1005
1029
1031
1032
1039
1050
1057
1063
1073
1076
1079
1085
1091
1095
1096
1102
1105
1108
1117
1118
1119
1135
1138
1156
1174
1179
1181
1185
1188
1191
1203
1214
1216
1217
1219
1235
1236
1253
1259
1268
1269
1272
1273
1274
1276
1277
1278
1279
1280
1281
1283
1284
1286
1287
1296
1298
1311
1316
1318
1319
1334
1335
1343
1350
1354
1374
1380
1382
1383
1397
1402
1409
1411
1417
1423
1426
1429
1441
1445
1447
1458
1459
1464
1465
1466
1470
1477
1491
1495
1505
1514
1515
1523
1527
1547
1550
1577
1582
1583
1585
1588
1597
1601
1605
1608
1609
1610
1612
1623
1632
1655
1657
1658
1659
1661
1672
1674
1677
1688
1700
1701
1707
1708
1713
1715
1718
1720
1744
1751
1752
1753
1762
1765
1767
1768
1769
1770
1771
1772
1774
1777
1778
1786
1792
1795
1798
1805
1806
1809
1811
1812
1813
1814
1817
1818
1820
1821
1831
1839
1840
1841
1843
1853
1868
1871
1879
1889
1897
1898
1900
1902
1903
1915
1918
1922
1924
1927
1931
1933
1934
1935
1936
1937
1938
1940
1942
1943
1946
1947
1950
1951
1954
1969
1977
1980
1981
1985
1989
1996
1997
1999
2001
2002
2003
2004
2006
2018
2038
2042
2050
2054
2059
2065
2084
2088
2092
2098
2099
2118
2133
2141
2153
2155
2167
2172
2176
2177
2180
2542
2550
2554
2567
2568
2569
2570
2571
2572
2573
2574
2575
2576
2577
2578
2579
2580
2581
2582
2583
2584
2585
2586
2587
2588
2589
2590
2591
2592
2593
2594
2595
2596
2597
2598
2599
2600
2601
2602
2603
2604
2605
2606
2607
2608
2609
2610
2611
2612
2613
2614
2615
2616
2617
2618
2619
2620
2621
2622
2623
2624
2625
2626
2627
2628
2629
2630
2631
2632
2633
2634
2635
2636
2637
2638
2639
2640
2641
2642
2643
2644
2645
2646
2647
2648
2649
2650
2651
2652
2653
2654
2655
2656
2657
2658
2659
2660
2661
2662
2663
2664
2665
2666
2667
2668
2669
2670
2671
2672
2673
2674
2675
2676
2677
2678
2679
2680
2681
2682
2683
2684
2685
2686
2687
2688
2689
2690
2691
2692
2693
2694
2695
2696
2697
2698
2699
2700
2701
2702
2703
2704
2705
2706
2707
2708
2709
2710
2711
2712
2713
2714
2715
2716
2717
2718
2719
2720
2721
2722
2723
2724
2725
2726
2727
2728
2729
2730
2731
2732
2733
2734
2735
2736
2737
2738
2739
2740
2741
2742
2743
2744
2745
2746
2747
2748
2749
2750
2751
2752
2753
2754
2755
2756
2757
2758
2759
2760
2761
2762
2763
2764
2765
2766
2767
2768
2769
2770
2771
2772
2773
2774
2775
2776
2777
2778
2779
2780
2781
2782
2783
2784
2785
2786
2787
2788
2789
2790
2791
2792
2793
2794
2795
2796
2797
2798
2799
2800
2801
2802
2803
2804
2805
2806
2807
2808
2809
2810
2811
2812
2813
2814
2815
2816
2817
2818
2819
2820
2821
2822
2823
2824
2825
2826
2827
2828
2829
2830
2831
2832
2833
2834
2835
2836
2837
2838
2839
2840
2841
2842
2843
2844
2845
2846
2847
2848
2849
2850
2851
2852
2853
2854
2855
2856
2857
2858
2859
2860
2861
2862
2863
2864
2865
2866
2867
2868
2869
2870
2871
2872
2873
2874
2875
2876
2877
2878
2879
2880
2881
2882
2883
2884
2885
2886
2887
2888
2889
2890
2891
2892
2893
2894
2895
2896
2897
2898
2899
2900
2901
2902
2903
2904
2905
2906
2907
2908
2909
2910
2911
2912
2913
2914
22
24
26
41
101
131
133
551
579
858
892
1042
1733
2197
2203
2928
2930
2931
3278
3332
3333
3334
26
60
100
476
537
629
1182
1396
2591
2657
2745
3253
3468
4440
4573
4605
4950
5231
5646
98
116
133
395
403
421
429
451
452
464
469
488
533
616
625
837
858
952
954
957
986
996
1026
1040
2325
2326
2351
2357
2924
2934
3117
3121
3122
3145
3183
5655
5656
18
26
28
41
820
1045
1189
1501
1637
1892
2604
2605
2606
2607
3098
3506
3552
3813
3814
3815
3816
3817
3818
500
51
176
653
960
1054
1055
1390
1911
2544
3091
3092
3095
3102
3106
3109
3110
3111
3113
3114
3115
3148
3153
3159
3161
3163
3164
205
353
502
774
808
1308
1635
2111
2576
2754
3439
4551
4597
5286
5287
5288
5289
5290
5291
5292
5293
5294
5295
5296
5297
5298
5299
41
47
49
61
263
656
700
713
826
904
1139
1204
1260
1491
1558
1590
1592
1672
1686
1688
1842
1853
1855
1856
1895
1989
2147
2570
2769
2792
2800
3327
3453
3702
4231
4388
4543
4589
4654
4855
4970
4971
4972
4973
4974
4975
4976
4977
4978
4979
4980
4981
4982
4983
24
44
100
173
217
243
338
417
535
536
540
550
551
600
698
796
801
822
844
857
922
932
937
1032
1117
1196
1204
1295
1311
1342
1558
1606
1726
1728
1730
1732
1739
1789
1878
1966
2018
2103
2109
2311
2396
2592
2610
2652
3254
3279
3555
3680
3822
3841
3845
3894
3978
4010
4023
4035
4145
4330
4387
4449
4463
4499
4544
4589
4632
4761
4762
4771
4869
4881
4894
4974
5051
5060
5062
5106
5140
5177
5180
5215
5218
5280
5639
5718
5788
5789
5790
5791
5792
5793
5794
5795
5796
5797
5798
5799
5800
5801
5802
28
47
59
87
89
90
91
121
123
149
170
171
188
231
261
289
302
304
309
331
337
341
352
372
412
444
600
633
673
674
758
802
904
1013
1029
1052
1085
1096
1102
1126
1132
1136
1147
1153
1168
1180
1187
1198
1222
1228
1233
1240
1273
1275
1276
1277
1280
1282
1332
1348
1366
1391
1411
1412
1443
1449
1450
1472
1498
1500
1502
1505
1513
1519
1590
1641
1642
1648
1668
1672
1700
1713
1746
1756
1766
1780
1791
1810
1845
1857
1861
1884
1897
1906
1914
1915
1922
1927
1945
1953
1967
1968
1969
1986
1989
1993
1999
2029
2041
2048
2051
2058
2079
2080
2083
2096
2102
2104
2112
2121
2126
2127
2131
2135
2136
2137
2142
2150
2151
2152
2180
2580
2615
2638
2639
2640
2641
2672
2721
2752
2766
2813
2865
2868
2871
2892
2896
3324
3445
3647
3648
3649
3650
3651
3652
3653
3654
3655
3656
3657
3658
3659
3660
3661
3662
3663
3664
3665
3666
3667
3668
3669
3670
3671
3672
3673
3674
3675
3676
3677
3678
3679
3680
3681
3682
3683
3684
3685
3686
3687
3688
3689
3690
3691
3692
3693
3694
3695
3696
3697
3698
3699
3700
3701
3702
3703
3704
3705
3706
3707
3708
3709
3710
3711
3712
3713
3714
3715
3716
3717
3718
3719
3720
3721
3722
3723
3724
3725
3726
3727
3728
3729
3730
3731
3732
3733
3734
3735
3736
3737
3738
41
47
117
196
351
379
600
662
672
717
736
792
798
805
1301
1470
1636
1643
1833
1844
1894
2027
2043
2105
2113
2130
2174
2600
2608
2710
2760
2773
3315
3335
3460
3463
3697
3702
3716
3723
3745
3954
4387
4391
4399
4410
4423
4494
4506
4625
4662
4663
4704
5052
5299
5548
5557
5561
5564
5568
5600
5612
5613
5614
5615
5616
5617
5618
5619
5620
5621
5622
5623
5624
5625
5626
5627
5628
5629
5630
5631
5632
5633
1059
2552
2711
3893
4897
4939
5735
6447
28
38
41
47
53
65
127
137
173
181
184
196
207
230
332
391
441
455
484
512
525
526
622
736
794
795
874
1056
1130
1162
1192
1235
1294
1300
1307
1310
1311
1320
1353
1386
1406
1410
1427
1479
1483
1504
1543
1551
1585
1644
1663
1678
1679
1680
1681
1682
1694
1711
1743
1796
1904
1948
2039
2598
2728
2738
2740
2870
3187
3188
3189
3190
3191
3192
3193
3194
3195
3196
3197
3198
3199
3200
3201
3202
3203
3204
3205
3206
3207
3208
3209
3210
3211
3212
3213
3214
3215
3216
3217
3218
3219
3220
3221
3222
3223
3224
3225
3226
3227
3228
3229
3230
3231
3232
3233
3234
3235
3236
3237
3238
3239
2646
4554
4555
4661
4865
5080
5081
5082
5083
5084
30
41
51
56
58
60
68
86
100
126
180
252
386
417
442
469
476
538
604
631
796
801
817
843
868
928
946
1015
1061
1116
1118
1171
1295
1362
1372
1384
1418
1510
1534
1717
1720
2115
2144
2149
2176
2187
2188
2193
2204
2293
2299
2401
2414
2422
2429
2435
2437
2464
2585
2610
2635
2658
2660
2686
2691
2692
2694
2697
2747
2819
3045
3058
3068
3070
3072
3275
3370
3435
3468
3486
3502
3526
3621
3626
3780
3798
3808
3821
3875
3900
3904
3932
3959
4065
4129
4288
4302
4305
4334
4427
4467
4490
4547
4549
4577
4578
4579
4581
4585
4639
4725
4736
4860
4928
4930
4931
4932
4934
4935
4936
4998
5035
5096
5100
5103
5134
5136
5138
5143
5174
5236
5322
5343
5361
5386
5462
5470
5522
5606
5688
5753
5759
5760
5761
5762
5763
5764
5765
5766
5767
5768
5769
5770
5771
5772
5773
5774
5775
5776
5777
5778
5779
5780
5781
5782
5783
5784
5785
5786
5787
3506
32
47
60
149
213
267
296
348
711
727
763
769
813
1074
1212
1267
1316
1552
1604
1819
1833
2071
2075
2107
2117
2567
2677
2792
2831
2850
3204
3315
3438
3464
3731
3896
3994
4014
4533
4644
4645
4710
4964
5053
5075
5078
5284
5556
5557
5558
5559
5560
5561
5562
5563
5564
5565
5566
5567
5568
5569
5570
5571
5572
5573
5574
5575
417
188
195
275
338
646
741
1482
2058
2077
2316
2676
4511
4512
4538
4885
4893
5588
6423
6424
1229
1540
1677
2316
381
4397
40
312
321
597
615
689
790
1068
1616
1626
2128
2180
2282
2414
3239
3722
3732
3736
3746
4395
4489
4567
4710
4711
5055
5585
5610
5611
5616
5674
5675
5676
5677
5678
5679
5680
5681
5682
5683
624
625
626
627
628
47
92
101
105
108
110
130
147
157
164
167
176
188
227
265
274
292
298
340
342
360
361
362
369
446
472
504
506
528
577
590
604
633
634
635
636
637
638
639
640
641
642
643
644
645
646
647
648
649
650
651
652
653
654
655
656
657
658
659
660
661
662
663
664
665
666
667
668
669
670
671
672
673
674
675
676
677
678
679
680
681
682
683
684
685
686
687
688
689
690
691
692
693
694
695
696
697
698
699
700
701
702
703
704
705
706
707
708
709
710
711
712
713
714
715
716
717
718
719
720
721
722
723
724
725
726
727
728
729
730
731
732
733
734
735
736
737
738
739
740
741
742
743
744
745
746
747
748
749
750
751
752
753
754
755
756
757
758
759
760
761
762
763
764
765
766
767
768
769
770
771
772
773
774
775
776
777
778
779
780
781
782
783
784
785
786
787
788
789
790
791
792
793
794
795
796
797
798
799
800
801
802
803
804
805
806
807
808
809
810
811
812
844
1091
3169
3170
3171
856
857
883
901
1114
2213
2220
3365
4289
4332
4339
5332
823
923
1577
4863
4864
47
49
92
134
173
217
251
255
284
309
328
359
366
372
484
628
645
653
670
695
705
801
805
876
899
914
922
926
937
946
1032
1105
1117
1187
1200
1219
1271
1497
1503
1521
1532
1586
1803
1894
1907
1949
2079
2399
2555
2904
3104
3150
3194
3215
3733
3893
3978
4030
4037
4038
4334
4372
4373
4374
4375
4376
4377
4378
4379
4380
4381
4382
4383
4384
4385
4386
4387
4388
4389
4390
4391
4392
4393
4394
4395
4396
1040
1107
2576
2805
2829
3989
4473
4496
4631
4867
196
316
600
806
1409
1431
1447
1634
1800
2168
3449
3721
4030
4454
5241
5282
5804
5805
5806
5807
409
416
70
74
328
352
366
368
456
549
550
551
552
553
554
555
556
557
558
559
560
561
562
563
564
565
566
567
568
569
570
571
572
573
574
575
576
577
578
579
580
581
582
583
584
585
586
587
588
589
590
591
592
593
594
595
596
597
598
599
600
601
602
603
604
605
606
607
608
609
610
611
612
613
614
615
183
304
356
422
468
471
519
543
600
844
905
907
914
921
933
943
945
1486
2030
2410
2627
2779
3447
3458
3521
3584
4385
4399
4483
4490
4554
4721
4752
4862
4972
5052
5084
5294
5298
5539
5540
5541
5542
5543
5544
5545
5546
5547
5548
5549
5550
5551
5552
5553
5554
5555
60
415
486
820
821
822
823
824
825
826
827
551
857
1112
2252
3038
3043
3265
3268
4138
4178
4215
4258
5339
5350
5351
5412
5868
6226
5175
5365
62
171
197
267
559
600
826
1109
1206
1219
1220
1258
1365
1716
1727
1728
1978
2084
2659
3197
3845
4378
4465
4495
4695
4760
4886
5056
5086
5087
5088
5089
5090
5091
5092
5093
5094
60
709
799
1462
1798
2591
4024
4374
4557
4700
4884
5089
5691
5979
5980
5981
5982
129
550
551
856
894
3891
5331
5343
65
550
857
876
938
1346
2181
2194
3049
3307
3353
3355
3364
3922
3923
3924
3925
3926
3927
3928
3929
3930
3931
101
103
115
134
186
191
221
224
226
290
297
304
313
324
345
351
356
363
364
380
574
583
604
733
745
760
795
872
923
1118
1146
1155
1258
1328
1365
1423
1481
1513
1558
1590
1616
1695
1712
1803
1843
1881
2046
2106
2116
2187
2488
2544
2550
2551
2553
2557
2608
2671
2736
2810
2833
2844
2857
3045
3257
3327
3463
3644
3668
3681
3724
3956
4029
4032
4118
4390
4420
4470
4471
4472
4473
4474
4475
4476
4477
4478
4479
4480
4481
4482
4483
4484
4485
4486
4487
4488
4489
4490
4491
4492
4493
4494
4495
4496
4497
4498
4499
4500
4501
4502
4503
4504
4505
4506
4507
4508
4509
4510
4511
4512
4513
4514
4515
4516
4517
64
132
1119
1258
1520
2047
2218
2667
3337
3338
3339
3340
242
551
856
857
920
2265
2477
3003
3012
3023
3043
3061
3077
3247
3362
3386
3390
3803
3890
4073
4134
4135
4148
4213
4226
4261
4278
4310
4336
4338
4340
5333
5337
5385
5418
5426
5430
5496
5786
5862
6197
6217
6268
6349
6350
6351
6352
6353
6354
238
299
312
410
580
600
741
827
1382
1412
1530
1596
1642
1814
1865
1878
1965
1966
2031
2129
2592
2610
2833
2914
3194
3253
3672
4387
4471
4491
4500
4511
4668
4763
4875
4876
4877
4878
4879
4880
4881
4882
4883
4884
4885
4886
4887
4888
4889
4890
4891
4892
4893
4894
4895
4896
4897
4898
4899
4900
207
550
818
2216
2221
2250
2262
3246
3345
3346
3347
3824
4138
4218
4255
4256
4257
4258
4259
4260
4261
4262
4263
4264
4265
4266
4267
4268
4269
4270
4271
4272
4273
4274
4275
4276
4277
129
219
247
248
437
469
550
551
552
817
856
857
892
901
903
932
941
1117
1119
1564
2181
2184
2190
2195
2204
2210
2218
2237
2265
2283
2468
2928
2958
3075
3362
3390
3803
3892
4230
4332
4334
4335
4336
5362
5414
5415
5416
3002
4216
856
857
980
2181
2962
2964
2966
2970
2973
2974
2975
2989
2993
2997
2998
3007
3029
3500
3939
4130
4131
4132
4133
4134
4135
4136
4137
4138
4139
4140
4141
4142
4143
4144
4145
4146
4147
4148
4149
4150
4151
4152
4153
4154
3015
3064
3252
5095
5509
6444
6445
1150
1890
3233
4394
6455
345
1541
4394
6431
171
1198
1348
1413
1421
1539
2019
2073
2115
2138
2885
2911
3339
3730
4393
4394
4471
4561
4887
4895
5349
5842
6047
6057
6144
6415
6416
6417
6418
6419
6420
6421
6422
370
1205
1245
2049
2157
3669
3738
4374
4394
5086
5595
5667
6029
6147
6425
1621
1244
4394
6416
6426
6427
459
3893
5079
93
105
138
438
600
662
678
899
926
931
945
2116
2595
2708
3311
3672
3684
4397
4400
4460
4461
4462
4463
4464
4465
774
1402
3221
5293
5296
5650
3970
5693
6412
6040
760
1468
4387
4938
4939
4940
418
600
381
384
429
450
535
538
540
1196
1738
4608
4745
5136
5215
5778
133
406
425
486
669
841
896
947
948
949
950
951
128
2559
2678
2845
2902
4539
4554
4638
4866
5083
5553
5985
541
542
658
1027
1028
1029
450
164
381
431
450
450
400
401
2640
3308
3437
4844
5970
5971
5972
5973
381
444
381
2612
456
237
329
664
874
1419
1958
1973
1974
2701
4454
4504
6035
6036
1047
2508
3197
5123
5124
5125
5126
5127
5128
717
1636
2771
4420
4421
4422
4423
4424
2712
5241
2809
1066
461
5651
856
857
984
2199
2202
2226
2260
3298
3476
4200
4206
4207
4208
4209
4210
4211
4212
653
5983
218
593
600
1148
1699
1747
1748
1749
1852
1991
2750
2862
3362
3671
3682
3740
3741
3742
3743
3744
3745
3746
3747
3748
3749
868
900
995
2206
2959
3018
3039
395
1040
3772
4390
3201
5610
5611
1367
3686
2615
456
6456
6457
3243
3244
207
653
653
653
1458
4707
6034
653
3987
653
653
653
6027
653
653
2485
653
6161
653
653
653
840
4872
5743
653
1387
4962
475
476
930
1103
2637
248
600
922
3695
4405
5285
1390
3151
3152
3156
3157
3158
1085
1066
335
600
753
944
1040
1317
1672
1814
2100
2116
2861
3315
3447
3448
3449
3450
3451
3452
3453
3454
3455
3456
3457
3458
3459
3460
3461
3462
3463
3464
3465
3466
3467
3446
6170
2268
4471
1413
5688
2131
4397
546
3532
932
1472
1693
1861
2023
5666
1849
1850
2026
5061
5062
600
1285
4546
384
550
677
847
892
2181
2197
5746
5829
1032
1428
1454
1474
1475
3668
1872
2089
4618
5295
4379
4761
550
857
2212
3477
3478
3479
3480
4570
2614
1338
303
629
630
372
475
550
857
1112
1574
3077
4324
4327
5474
5939
5940
5941
5942
550
856
857
1560
2181
4146
5432
5433
3359
4471
631
1563
2144
6358
6359
5860
5861
5953
6296
6297
475
579
856
857
2181
2482
384
475
550
579
857
902
972
2293
2920
3266
3446
3477
3563
3847
3900
3946
3949
3960
4106
4202
4301
4321
4337
4547
4843
4912
4913
4914
4915
4916
4917
4918
4919
4920
4921
4922
4923
4924
4925
4926
1346
3506
1413
551
1285
1032
1334
1821
2134
3703
4643
4763
423
6046
1032
1620
3506
5573
1032
2614
3102
1285
3106
394
1032
6039
3668
6443
1574
2610
1382
1235
380
383
389
390
391
392
397
400
402
411
413
414
424
434
441
450
455
456
468
469
472
477
500
501
502
503
504
505
506
507
508
509
510
511
512
513
514
515
516
517
518
519
520
521
522
523
524
525
526
527
528
529
530
531
532
393
415
428
432
486
487
525
953
3371
579
2240
3085
3389
4047
4050
4055
4057
4067
4068
4069
4070
4071
4072
4073
4074
4075
4076
4077
4078
4079
4080
4081
4082
4083
4084
4085
4086
4087
4088
4089
491
550
857
2181
388
389
389
478
479
480
481
482
483
484
393
478
479
4844
5085
391
393
507
513
527
632
5300
393
394
397
399
402
409
418
434
441
446
450
454
469
514
520
528
529
531
532
542
543
625
662
663
920
1300
2485
2612
3090
3473
3954
3958
4540
4722
4754
5743
6041
6043
6404
6405
6441
6453
397
411
426
908
1373
1381
1678
2836
3210
3316
3317
3318
3319
3320
3321
3322
3323
3324
3325
3326
3327
3328
396
401
404
405
407
469
845
913
921
924
3584
409
410
505
509
5576
6437
487
509
953
3371
413
467
5657
3140
1311
420
421
452
858
1037
3183
4764
4765
423
424
424
686
697
700
839
933
1492
1588
1751
1754
1808
1824
1956
2544
2545
2546
2547
2548
2549
2550
2551
2552
2553
2554
2555
2556
2557
2558
2559
2560
2561
948
3974
437
438
439
550
551
857
866
1346
1403
2181
2188
3245
3282
3780
3821
3906
4127
5469
5470
5471
5472
5473
5474
5475
5476
534
1197
2289
2294
2295
2298
2299
2300
2301
2302
2304
2305
2542
2745
3441
3469
3620
3834
3881
3909
4398
4442
4904
4941
4943
4947
4950
4952
4955
4956
4957
5096
5098
5099
5106
5107
5110
5111
5112
5113
5114
5115
5116
5117
5118
5119
5120
5121
5122
1112
2224
3291
4073
4156
4283
4284
4285
441
460
461
462
463
464
465
466
443
3808
447
448
449
450
904
1473
3751
4433
5975
6393
6394
6395
6396
6397
454
2617
498
814
815
838
846
858
962
963
964
965
966
967
968
969
970
986
1002
1035
1036
1414
1415
1804
2325
2326
2327
2328
2329
2330
2331
2332
2333
2334
2335
2336
2337
2338
2339
2340
2341
2342
2343
2344
2345
2346
2347
2348
2349
2350
2351
2352
2353
2354
2355
2356
2357
2358
2359
2360
2361
2362
2363
2364
2365
2366
2367
2368
2369
2370
2371
2372
2373
2374
2375
2376
2377
2378
2379
2380
2381
2382
2383
2384
3307
463
4870
4969
469
470
471
475
491
845
856
862
876
896
907
921
1117
2228
2464
2465
2466
2467
2468
2469
2470
473
474
1485
550
551
585
817
856
884
893
903
941
995
1086
1112
1120
1534
1564
1642
1736
2146
2148
2181
2182
2183
2184
2185
2186
2187
2188
2189
2190
2191
2192
2193
2194
2195
2196
2197
2198
2199
2200
2201
2202
2203
2204
2205
2206
2207
2208
2209
2210
2211
2212
2213
2214
2215
2216
2217
2218
2219
2220
2221
2222
2223
2224
2225
2226
2227
2228
2229
2230
2231
2232
2233
2234
2235
2236
2237
2238
2239
2240
2241
2242
2243
2244
2245
2246
2247
2248
2249
2250
2251
2252
2253
2254
2255
2256
2257
2258
2259
2260
2261
2262
2263
2264
2265
2266
2267
2268
2269
2270
2271
2272
2273
2274
2275
2276
2277
2278
2279
2280
2281
2282
2283
2284
534
630
698
1726
1728
2313
2489
2490
2491
2492
2493
2494
2495
2496
2497
2498
2499
2500
2501
2502
2503
2504
2505
2506
2507
2508
2509
2510
2511
2512
2513
2514
2515
2516
2517
2518
2519
2520
2521
2522
2523
2524
2525
2526
2527
2528
2529
2530
2531
2532
2533
2534
2535
2536
2537
2538
2539
2540
2541
2542
2543
847
848
849
850
851
852
853
854
855
490
491
492
493
494
495
496
497
900
905
2402
2487
3096
3256
3380
3415
3426
3646
3797
3803
817
900
905
920
998
1046
1112
2402
2407
2464
2487
3096
3380
3415
3426
3646
3797
3803
4102
915
3521
813
960
2609
819
3773
558
3973
3521
558
618
619
620
621
3173
535
536
537
538
539
540
538
1295
3095
5102
5141
5142
561
2286
2290
2308
2309
4751
4941
4942
4943
4944
4945
4946
4947
4948
4949
4950
4951
4952
4953
4954
4955
4956
4957
4958
4959
4960
631
3554
3569
3571
3631
3632
4040
4041
4042
4043
4044
3469
5102
5103
562
631
1121
2306
2314
3539
3550
3631
3637
5150
5152
5164
5165
5166
5167
5168
1734
4435
4436
4437
4438
4439
4440
4441
4442
4443
4444
4445
4446
4447
4448
4449
4450
4451
4452
4453
542
4064
547
548
2288
2306
2307
3531
3533
3539
3540
3543
3546
3548
3549
3551
3555
3557
3566
3567
3582
3619
3629
5151
5153
5154
5155
564
1017
2424
2428
2433
2440
2450
3526
600
817
856
857
859
865
867
868
882
901
903
920
972
1112
1117
1120
1196
1574
2181
2182
2184
2194
2195
2196
2199
2203
2206
2218
2220
2223
2243
2244
2260
2266
2268
2935
2940
2941
2958
2959
2988
3015
3016
3038
3051
3069
3150
3254
3276
3358
3359
3362
3369
3525
3796
3925
3926
3946
3948
4073
4130
4144
4146
4177
4178
4213
4215
4216
4226
4229
4231
4243
4244
4253
4283
4284
4334
4338
4354
4355
4361
4362
4366
4368
4370
4462
4875
4912
5331
5332
5333
5334
5335
5336
5337
5338
5339
5340
5341
5342
5343
5344
5345
5346
5347
5348
5349
5350
5351
5352
5353
5354
5355
5356
5357
5358
579
817
856
859
866
876
883
892
1045
1046
1112
1119
1481
1557
2187
2194
2195
2197
2198
2202
2203
2204
2215
2218
2244
2592
2930
2931
2988
3010
3011
3076
3150
3245
3246
3247
3248
3249
3250
3251
3252
3253
3254
3255
3256
3257
3258
3259
3260
3261
3262
3263
3264
3265
3266
3267
3268
3269
3270
3271
3272
3273
3274
3275
3276
3277
3278
3279
3280
3281
3282
3283
3284
3285
3286
3287
3288
3289
3290
3291
3292
3293
3294
3295
3296
3297
3298
3299
3300
3301
3302
3303
3304
570
857
866
895
1550
2181
3035
3047
3048
3049
3050
3051
3052
3053
3054
562
3625
631
3553
3569
3577
3603
3605
3608
3619
3624
3630
3631
3632
3633
3634
3635
3636
3637
3638
570
4609
4739
4822
4841
4902
4903
4904
4905
4906
4907
4908
4909
4910
570
5341
4087
4218
4333
4354
4355
5345
856
857
903
920
2149
2186
2275
2407
2688
2693
2695
3064
3069
3509
3524
4581
5457
5458
1111
856
3387
5418
3106
3153
847
5119
1050
631
871
899
903
914
923
928
937
940
944
1285
3275
4471
4912
5340
5346
5415
5416
5431
5842
5843
684
2834
1196
2629
3194
623
3116
4565
626
5745
1908
3116
3093
1401
1403
1727
1729
2313
2491
2492
2493
2494
2497
2498
2499
2504
2506
2508
2512
2522
2527
2529
2537
2538
2540
3862
3869
3921
4427
5173
5232
5237
5674
6059
6060
6061
6062
6063
6064
6065
6066
6067
6068
6069
6070
6071
6072
6073
6074
6075
6076
6077
6078
6079
6080
6081
6082
6083
6084
6085
6086
6087
6088
6089
6090
6091
6092
6093
6094
6095
1401
2525
3847
2542
2747
3532
3533
3534
3536
3537
3539
3540
3542
3543
3544
3546
3547
3549
3551
3553
3558
3559
3560
3568
3572
3602
3605
3612
3613
3614
3615
3616
3617
3618
3619
3620
3621
3622
3623
3624
3625
3626
3627
3628
3629
3120
4386
6148
3814
683
875
1184
1372
1789
1792
1883
2140
2634
2713
3679
4508
4553
4871
4872
4873
4874
1287
6150
931
3838
6161
910
1781
3956
3957
830
832
833
834
3527
3528
3529
3530
5578
5698
6151
6398
6438
6439
6440
5714
2614
2864
3104
5608
5685
4550
871
6018
1516
3814
1403
1431
4588
1286
1629
2142
4681
1624
3913
1372
5052
1032
5274
1893
2704
2802
2600
5974
2600
904
1059
1447
1286
904
914
2003
4476
1552
914
1490
868
892
2563
3755
4572
4773
4777
4778
4779
4780
4781
4782
4783
4784
4785
4786
4787
4788
4789
4790
4791
4792
4793
4794
4795
4796
4797
4798
4799
4800
4801
4802
4803
4804
4805
4806
4807
4808
4809
4810
4811
4812
4813
4814
4815
4816
4817
4818
4819
4820
4821
4822
4823
4824
4825
4826
4827
4828
4829
4830
4831
4832
4833
4834
4835
4836
4837
4838
4839
4840
4841
1032
817
818
988
2195
2196
2197
2204
2218
2930
2931
3341
3370
3379
3799
3800
2178
2485
3090
4519
4559
5743
6040
6041
6042
6043
1423
1713
1782
1894
2844
2876
3197
3199
3200
3467
4017
4601
4897
5086
5572
5594
5595
5596
5597
5598
5599
5699
874
858
955
1033
1034
2341
2385
2386
2387
2388
2389
2390
2391
2392
2393
923
843
845
989
990
991
992
993
843
844
845
845
1003
1004
1005
1006
1007
1008
1009
1010
1011
1012
1013
1014
1015
1016
1017
1018
1019
1020
1021
1022
1023
1024
1025
1336
1537
2633
3169
4726
958
992
1005
1091
2411
2423
2461
5825
5826
5827
5828
854
1371
1722
3055
3056
3739
4459
5064
5658
5659
5704
5712
5713
5812
5813
5814
5815
5816
5817
5818
5819
5820
5821
5822
853
2623
3056
3094
3336
4746
4846
5064
5704
5705
5706
5707
5708
5709
5710
5711
5712
5713
4901
3055
3348
4723
876
892
902
938
941
1045
1112
1119
1481
2190
2194
2205
2228
2239
2282
2465
2466
2477
2478
2479
2482
2483
2932
2958
3220
3245
3253
3386
3390
3641
4332
4333
4334
4335
4336
4337
4338
4339
4340
4341
868
876
883
892
901
902
903
938
941
1045
1117
1119
1120
1196
1481
1560
1564
1574
2181
2187
2194
2202
2210
2218
2220
2268
2280
2592
2928
2958
2988
3051
3220
3252
3254
3274
3275
3358
3359
3362
3369
3780
3882
3922
4144
4145
4229
4230
4326
4334
4338
4340
4875
4912
4917
5095
5331
5349
5414
5416
5430
5431
1000
1001
1002
974
975
976
977
978
979
980
981
982
983
984
985
1046
3310
3397
3398
3399
3400
3401
3402
2182
2223
2261
3343
3344
3345
3346
3347
2239
2476
2477
2478
2479
2480
2481
2482
2483
2484
1112
2189
2241
3886
4154
4278
4279
4280
4281
4282
2206
2234
2247
2251
2936
2939
2948
2955
4238
4239
4240
4241
4242
4243
4244
4245
4246
4247
4248
4249
4250
4251
4252
4253
4254
3393
3394
3395
3396
902
903
995
1112
2196
4101
2148
2181
2193
2206
2227
2819
2945
3038
3069
3150
3273
3292
3387
3440
3922
4070
4072
4209
4244
4284
4322
4462
4549
4917
5100
5308
5407
5481
5505
5908
5921
6214
6215
6216
6217
2324
904
4426
3988
1908
1971
4000
4469
4504
4978
5075
5076
5077
5078
901
903
2194
2224
3000
3030
3150
3175
3245
3922
3930
3944
4080
4284
4326
4334
4336
4462
5336
5338
5342
5347
5350
5413
5416
5582
6360
6368
6369
6370
4116
4319
4320
4575
6200
6248
6460
901
2181
3642
3643
3930
4334
5367
901
3943
5515
5516
5517
1558
3299
3403
4362
901
974
1112
2181
2958
2996
3000
3001
3002
3003
3004
3005
3006
3007
3008
3009
3010
3011
3012
3013
3014
3015
3016
3017
3018
3019
3020
3021
3022
3023
3024
3025
3026
3027
3028
3029
3030
4178
3803
1087
1088
1089
1094
1372
2580
2581
3191
3316
3650
4532
4533
4534
4537
6011
994
3031
3032
3033
3034
3035
3036
3037
3038
3039
3040
3041
3042
3043
3044
937
941
995
1040
1045
1117
2181
2187
2231
2255
2260
2273
2978
2984
2988
3000
3011
3015
3061
4140
4177
4178
4179
4213
4216
4224
4334
4362
4368
5333
5339
5345
5406
5407
5408
5409
5410
5411
5412
5413
979
2181
2279
2960
2972
2979
3019
3043
3389
4133
4301
4302
4303
4304
4305
4306
4307
4308
4309
4310
4311
4312
4313
4314
3393
3394
3395
3396
3525
4045
4046
4047
4048
4049
4050
4051
4052
4053
4054
4055
4056
4057
1087
1375
4426
4628
4653
5044
5045
5046
5047
5048
5049
5050
2611
3750
2464
3593
1048
1664
2617
2742
2830
5302
5754
960
3598
4091
1316
971
972
973
4774
5102
6132
6133
946
1442
1592
1801
1814
2046
2070
3220
3664
3702
3894
3983
4033
4397
4461
4471
4590
5277
5278
5279
5280
1096
1178
1368
1588
1891
2037
2558
2903
2905
3101
3690
3708
4503
4514
4670
4979
5660
5695
5696
5697
1337
1403
1645
5636
1917
5052
1375
1472
4856
5751
2556
2763
2901
2988
3752
4965
4966
4967
4968
6179
3046
4022
4031
4426
4962
4407
4478
4882
1797
2025
2194
4475
4515
4633
4641
4658
5039
5065
5066
5067
5068
5069
5070
5071
5072
5073
5074
6048
2228
4340
5452
3111
2863
5747
4755
1079
2547
2906
6165
1066
3751
955
956
3839
959
1086
1092
2417
2425
3526
4466
4467
4468
2609
2407
1045
2202
2216
2233
2276
4260
4266
4342
5337
5876
6188
995
3350
3255
2187
2220
3350
999
3186
3240
3241
3242
2412
995
2187
2958
2959
2960
2961
2962
2963
2964
2965
2966
2967
2968
2969
2970
2971
2972
2973
2974
2975
2976
2977
2978
2979
2980
2981
2982
2983
2984
2985
2986
2987
2988
2989
2990
2991
2992
2993
2994
2995
2996
2997
2998
2999
2263
2375
3123
3124
3125
3126
3127
3128
3129
3405
3406
3407
3408
3409
2403
2460
2461
2462
1049
1050
1051
1092
1030
2463
2449
3807
3808
3809
2411
2412
6044
1092
2412
2181
2412
4861
1092
1092
3808
2426
2422
1050
3874
1050
4467
1092
1092
1032
1032
1068
1142
1165
1177
1218
1221
1225
1261
1324
1352
1368
1442
1523
1546
1587
1594
1599
1638
1654
1672
1706
1713
1763
1847
1859
1867
1869
1884
1909
1910
1921
1926
2007
2009
2055
2056
2062
2074
2086
2106
2118
2121
2122
2123
2139
2142
2161
2162
2163
2164
2561
2633
2648
2651
2653
2737
2796
2801
2835
2877
2909
3229
3230
3450
3460
3463
3466
3470
3701
3719
3724
3733
3737
3808
3996
3997
4002
4009
4011
4013
4019
4030
4031
4387
4455
4483
4486
4495
4498
4592
4593
4604
4664
4671
4706
4763
4857
4867
4889
4892
4897
4898
4899
4940
4973
4974
4975
4976
4980
4982
5032
5046
5074
5094
5275
5307
5309
5540
5552
5567
5571
5574
5577
5597
5631
5632
5664
5673
5680
5684
5714
5715
5716
5717
5718
5719
5720
5721
5722
5723
5724
5725
5726
5727
5728
5729
5730
5731
5732
5733
5734
5735
5736
5737
5738
5739
5740
5741
5742
3988
1042
1043
4724
1108
1721
3652
5276
1045
1046
1112
1598
2181
2482
3819
3820
3821
3822
3823
3824
3825
3826
3827
3828
3829
3830
3831
2397
2471
2472
2473
2474
2475
2486
3310
3372
3373
3374
3375
3376
1050
1092
1090
1092
2414
2415
2416
2419
2422
2427
2429
2434
2435
2448
2456
2458
2585
3808
4725
4726
4727
4728
4729
4730
4731
4732
4733
4734
4735
4736
4737
1054
1055
3100
3149
3165
5701
1718
6172
6173
1137
1938
2649
4754
4911
5687
3506
1834
2052
2175
2736
3107
5068
5661
5662
5663
5664
1121
1309
6037
1705
6010
6150
6171
1090
1092
1108
2190
2315
1197
2315
2414
2415
2416
2414
2451
2453
2454
2455
2456
2457
2458
2459
2315
2413
2414
2417
2418
2419
2420
2421
2422
2423
2424
2425
2426
2427
2428
2429
2430
2431
2432
2433
2434
2435
2436
2437
2438
2439
2440
2441
2442
2443
2444
2445
2446
2447
2448
5038
4537
4458
4911
4458
5622
6434
1904
2113
5668
4433
4640
5665
5975
5976
5977
5978
1907
5654
5989
1204
1717
1721
2193
3330
4432
4546
5242
5243
5244
5245
5246
5247
5248
5249
5250
5251
5252
5253
5254
5255
5256
5257
5258
5259
5260
5261
5262
5263
5264
5265
5266
5267
5268
5269
5270
5271
5272
3238
4752
1118
1120
2218
2228
2255
2483
2488
2958
3010
3011
3022
3255
3261
3265
3279
3286
3388
3440
3641
3798
4170
4178
4179
4213
4214
4215
4216
4217
4218
4219
4220
4221
4222
4223
4224
4225
4226
4227
4228
4229
4230
4231
4232
4233
4234
4235
4236
4237
3506
5175
5365
3166
3167
3168
3435
3890
4076
4155
4164
4283
4284
4285
5343
5482
5501
5502
5503
5504
5505
5506
5507
1568
1575
1720
1736
2207
2686
2688
3295
3475
3626
3796
4076
4368
4558
4928
4935
5111
5454
5463
5762
5785
5830
5905
3498
4256
5537
5873
5879
2181
3356
3368
5308
1197
2285
2286
2287
2288
2289
2290
2291
2292
2293
2294
2295
2296
2297
2298
2299
2300
2301
2302
2303
2304
2305
2306
2307
2308
2309
2310
2311
2312
2313
2314
1992
2647
5672
6162
3502
4933
2596
3548
6454
3114
6152
1718
2259
2647
2660
2667
2743
2746
2919
3332
3863
4326
4648
4936
5026
5283
5635
5672
5713
5770
5924
5946
6053
6387
6389
6391
6399
6400
6401
6402
3554
4956
2599
2593
2544
6407
5302
5604
4472
1301
3653
1298
2597
1335
4585
5748
5691
5692
2883
5563
5690
3955
2884
2910
4687
1880
4714
4771
1434
1435
1625
1825
2064
2770
2858
2914
3207
3983
4403
4404
4405
4406
4407
4408
4409
4410
4411
4412
4413
4414
4415
4416
2681
3098
4615
4753
1374
3455
4850
4880
3750
4911
3331
3972
3981
4018
4756
4757
4758
5744
2281
3208
3469
3531
3540
3546
3547
3548
3606
4953
5106
6104
6105
6106
6107
3506
3507
1752
3438
3471
3472
4649
3506
1958
2317
2318
2319
2320
2321
2322
2323
2401
3306
4911
3953
3537
3545
3548
5310
5311
5312
5313
4911
5755
3976
6145
5030
5031
3518
3519
4726
1339
1998
3313
4845
1895
1955
4543
4574
2915
3168
3823
4346
5445
5446
5447
3506
4767
4769
4770
5635
5637
5638
5639
5640
5641
5642
5643
5644
3626
3106
4401
2614
6158
4546
4921
5748
5757
5758
4901
5659
2109
3045
3046
1498
1960
3687
3729
4856
4857
4858
1854
4586
4591
2081
3694
4652
5090
4963
6185
6245
6292
6293
6294
1485
5416
3151
3152
3102
5040
5041
5836
2590
4738
4848
4849
4738
4848
3844
3853
3861
3862
6134
6135
1792
1938
2698
3028
3232
4932
5119
5579
5603
5604
5605
5606
5607
5608
5609
2650
5986
2616
4471
1725
2590
2744
3413
3618
4977
4985
4986
4987
4988
4989
4990
4991
4992
4993
4994
4995
4996
4997
4998
4999
5000
5001
5002
5003
5004
5005
5006
5007
5008
5009
5010
5011
5012
5013
5014
5015
5016
5017
5018
5019
5020
5021
5022
5023
5024
5025
5026
5027
5028
5029
1611
4981
5309
2590
3964
4766
4767
4768
4769
4770
4059
3621
2548
4520
3749
3206
3716
3095
2181
3363
2544
5088
1630
4673
4772
5810
1980
5634
3416
3932
3933
3934
3935
3936
3937
5658
6414
2680
5961
6294
6308
6357
6375
6376
2216
2615
4376
5072
4458
4622
3771
5054
5055
2181
4397
4112
3443
5477
5878
1559
3245
3279
3281
3804
3827
4066
4079
4103
4113
4115
4192
4194
4238
5006
5012
5322
5328
5515
5527
5875
5898
5903
5931
5937
6183
6189
6253
6261
6266
6270
6276
6278
6280
6295
6344
6374
6382
3434
3658
2690
6252
6266
2181
3501
2204
6318
6339
6355
6329
5469
6205
6206
6207
3796
3969
4576
5417
2590
4305
4223
5934
5935
4043
5215
2697
5777
6458
5660
3095
3450
5833
3093
2874
6452
5791
2611
5274
2736
3893
4487
2736
1774
4065
4432
5034
5252
5256
5276
6050
6051
6052
6053
5262
3866
6097
2506
2539
2543
3859
3869
5226
5227
5228
2313
2491
2496
3870
6058
4788
4830
5198
5202
6385
1741
5119
5222
2491
3867
5238
2313
4861
3469
5060
6106
6137
4487
5988
6174
3506
2178
5279
4490
5544
3164
2600
3506
4479
2588
6160
4403
2853
5684
2856
3447
3506
5297
5738
3506
5694
2732
3506
4400
6429
3435
3058
3780
3194
2611
2218
2268
2280
2284
2592
2988
3048
3052
3053
3159
3202
3252
3254
3307
3351
3352
3353
3354
3355
3356
3357
3358
3359
3360
3361
3362
3363
3364
3365
3366
3367
3368
3369
2202
4264
6262
2200
3079
3089
3291
4046
4048
4052
4053
4054
4067
4068
4069
4070
4077
4078
4080
4081
4082
4084
4085
4086
4088
4155
4156
4157
4158
4159
4160
4161
4162
4163
4164
4165
4166
4167
4168
2265
4119
6211
4141
4143
4153
5333
5411
5421
5422
5423
5424
5425
5426
5427
5428
3789
3792
5892
5893
5894
4913
2200
2465
2466
2469
2476
2484
3385
3386
3387
3388
3389
3390
3391
3392
3886
3887
3888
3889
3890
3891
2402
3932
4179
5457
2202
2264
3150
3192
3251
3891
3923
3932
4244
4341
4349
4362
4576
5182
5375
5376
5377
5378
5379
5380
5381
5382
5383
5384
5385
5386
2205
2229
2401
3068
3305
3306
3130
3131
3132
3133
3134
3135
3136
3137
3138
3139
3140
3141
3142
3143
3144
2927
2928
2929
2930
2931
2932
2933
3796
2204
2925
3258
3284
3380
5353
5379
5417
5419
5478
5479
5480
4109
6367
2209
2217
2225
2232
2246
2250
2256
2272
4256
4257
4258
4259
4266
4267
4268
4269
4270
4271
4273
4275
4342
5337
5344
5884
5885
5886
2324
3787
4344
2218
3442
3789
3790
3804
4171
4306
5314
5315
5316
5317
5318
5319
5320
5321
5322
5323
5324
5325
5326
5327
5328
5329
5330
2935
2936
2937
2938
2939
2940
2941
2942
2943
2944
2945
2946
2947
2948
2949
2950
2951
2952
2953
2954
2955
2956
2957
4219
5451
3802
5512
5513
5514
2304
2692
3057
3058
3059
3060
3061
3062
3063
3064
3065
3066
3067
3068
3069
3070
3071
3072
3073
3074
3075
3076
3077
2976
3939
3940
3941
3942
3943
3944
3945
2275
4282
4913
5363
3058
3391
3261
3946
3914
6218
5335
3889
3498
3499
3245
2977
4210
6211
4362
4134
4137
4321
4322
4323
4324
4325
4326
4327
4328
4329
4330
4398
3612
4950
6112
4398
4398
4950
3544
2489
2491
2496
2510
4427
4861
2414
2417
5790
3506
2394
2395
2377
3183
3311
5040
3093
4868
2398
3119
3185
3520
4203
5437
5459
2408
3079
3080
3084
3085
3086
3087
3088
3089
2409
3078
3081
3082
3085
3174
3178
3179
3180
3181
3182
3419
3420
3421
3422
3423
3424
3425
3474
3510
3511
3512
3513
3514
3515
3516
3517
2418
2419
2430
2443
2447
2457
2460
2462
3874
3875
3876
3877
3878
3879
3880
2454
3170
3508
4727
4728
4734
5703
3169
4847
2443
3808
3880
2444
5803
3508
3808
5063
5652
5753
3808
2432
4737
4847
3808
3808
3808
2452
2453
5837
6175
3875
3532
3535
3583
3586
3587
3589
3590
3591
3592
3220
4336
3253
3895
5187
5188
5189
5190
5191
5192
2495
2520
2522
2524
2525
2526
2528
2530
2534
2535
3840
3841
3842
3843
3844
3845
3846
3847
3848
3849
3850
3851
3852
3853
3854
3855
3856
3857
3858
3859
3860
3861
3862
3863
3864
3865
3866
3867
3868
3869
3870
3871
3197
5794
3847
3847
3845
3845
3845
5109
3978
5109
3845
3197
3197
3845
3848
3845
3847
2628
3101
5032
5032
2564
2565
2566
2566
3767
4739
6136
4854
6448
2629
3713
6001
6003
6471
6428
5652
6409
5625
5775
6046
6169
3332
3443
4927
4928
4929
4930
4931
4932
4933
4934
4935
4936
4937
3469
4961
3641
3642
3643
2920
2941
3264
3825
4919
4929
5469
5484
5787
6184
6257
6356
3435
5898
5899
5900
5901
5902
5903
6171
4006
2689
3789
4705
4502
5560
5592
5593
5601
5602
5055
5600
3173
4454
4455
4456
4457
3754
3755
3760
3763
3765
3768
4739
4741
4773
4776
4778
4781
4783
4785
4786
4789
4790
4797
4798
4799
4800
4803
4804
4808
4815
4827
4853
4854
4906
4907
5146
5181
5194
5195
5196
5197
5198
5199
5200
5201
5202
5203
5204
5205
3750
4429
3711
4058
4850
4880
6045
3309
3751
4459
4937
5818
6149
2650
3112
4759
2661
5577
3977
5689
3995
3753
3754
3755
3756
3757
3758
3759
3760
3761
3762
3763
3764
3765
3766
3767
3768
3769
3770
5300
2868
4058
4550
4988
5670
5671
5672
5060
5234
6406
5600
6408
4476
5175
3070
5325
5175
4189
5760
5765
4426
3114
5701
4976
3313
3314
3315
4547
3410
4987
5234
5235
5059
5185
5186
4924
5143
5060
6038
5700
4426
4662
4641
5680
3893
5751
6410
5971
4968
6049
2913
4415
2916
2917
2918
2919
2920
2921
2922
2923
3646
4170
3646
2920
5934
6189
6227
6228
6229
4170
3646
4207
4212
5278
5449
5450
3378
3796
4199
3796
4190
4197
3796
3796
3796
3796
3796
3796
3031
3153
3397
3940
5497
5925
3036
3040
3941
5408
6343
4213
3350
4216
6351
3350
4349
3251
3010
4213
4215
5351
3003
4213
3025
6284
3350
3022
3032
5916
6335
6336
6337
4216
5427
6312
3617
3010
4213
3260
6334
3350
4216
3066
3254
4142
4216
4261
5868
5872
5895
5896
5897
6260
3034
3350
5896
3350
5339
3044
4215
6464
3350
3505
6330
6331
6223
5582
3056
4901
3184
3389
3938
3062
3481
3485
3490
3493
3494
3774
3777
3780
3781
3810
3901
3903
3904
3910
3912
3916
3917
3920
4094
4096
4105
4108
4417
4576
5462
5470
5485
5854
5911
5922
5927
5933
5950
5954
5968
6204
6208
6230
6231
6232
6233
6234
6235
6236
6237
6238
6239
6240
6241
6242
6243
6244
4205
5917
5918
4286
4287
4288
3481
3482
3483
3484
3485
3486
3487
3488
3489
3490
3491
3492
3493
3494
3495
3496
3497
5525
5528
6220
6221
6222
3252
4049
3778
3786
3883
3884
3885
4116
3898
5913
6291
6333
5460
5947
5919
5920
3083
3175
3176
3177
3093
3094
3116
3117
3118
3096
3097
3098
3099
3100
3103
3104
3105
3172
3107
3108
3112
4675
3150
3291
3891
4051
4074
4164
5502
5538
5773
5904
6198
3154
3155
3163
3160
3162
3819
3819
6411
3921
3771
3772
3506
3845
3846
3847
3848
3865
3868
5109
5238
6120
6140
6141
6142
5039
3540
3606
5314
5319
5320
5321
6273
6279
6286
6320
6379
6430
3385
3978
6384
4752
3899
4332
5508
3272
3285
6219
6226
6271
6272
6273
6274
6275
4301
3414
3801
4227
6284
6285
3928
5095
5433
5509
5518
5519
5520
4356
5581
5582
5583
5584
4142
5464
5465
5033
4549
5531
5874
6203
3475
5497
6180
6250
6251
3822
4138
4213
4200
3277
4217
4225
5956
4301
6213
6275
6276
5387
5388
5389
5904
4179
5420
3280
5951
5952
3398
3400
3401
5508
4127
6258
6289
5769
6286
4216
5873
4276
3796
3901
6246
5496
3312
4476
3446
5349
3342
3942
3945
4131
4334
6260
6380
6381
3642
3362
5414
3882
4328
4356
4357
4358
4359
6055
5414
6346
3389
6055
5308
5957
6226
3380
3381
3382
3383
3384
3381
3384
4549
5468
5524
5526
5529
6220
6225
6288
5524
5526
3796
4219
4362
5762
5762
4213
3411
3412
3413
3416
3417
3418
3427
3428
3429
3430
3431
3432
3433
3442
3443
4929
3435
5328
5899
5902
5931
6252
6267
6269
6287
6317
6356
6366
6374
6378
6379
4302
4302
4349
4350
4351
4352
4353
4550
5776
6162
4842
5612
4850
3469
3542
3566
4573
5185
3472
3473
5370
5584
3969
3899
3486
4295
4296
4297
4298
4299
4300
3504
3505
3775
3776
3951
4060
4180
4187
4316
4343
4417
5429
5436
5438
5487
5488
5489
5490
5491
5492
5493
5494
5495
3915
3774
3499
3504
3505
3899
3806
3810
3811
3812
4017
4392
5585
5586
5587
5588
5589
5590
5591
3522
3528
3529
3530
3573
4036
3534
3572
3583
3584
3585
3586
3587
3588
3589
3590
3565
3571
3592
3595
3596
3630
3633
3634
3636
3639
4042
6098
6099
6100
6101
3584
3598
3599
3600
3601
3602
3603
3604
5156
5164
6102
3564
3575
3579
3597
3605
3597
5160
5161
5163
6108
3570
3605
3606
3607
3608
3609
3610
3611
3640
3633
5165
5171
5172
3629
3563
3579
4560
5147
5148
5149
3559
3563
3595
3596
3578
3562
3832
3833
5158
4544
3595
3630
5152
3576
4544
5156
6109
3612
3586
3600
3601
3602
4854
3592
3594
5169
5170
5149
5154
5156
5157
5159
5160
5161
5162
3626
3905
5470
4160
5416
4518
5179
5217
5838
5839
5182
5183
6143
5486
4170
4189
4315
5390
5391
5392
5393
5394
5395
5396
5397
5398
5399
5400
5401
5402
5403
5404
5405
6411
4432
5242
5251
5256
5267
5657
5787
5899
6270
6365
3893
4575
3688
3751
4429
5744
6163
4854
4742
4742
4740
3775
3776
3777
3778
3779
3780
3781
3782
3783
3784
3785
3786
3788
3952
6259
3900
3781
3872
3900
3903
3911
4090
4091
4092
4093
4094
4095
4096
4097
4098
4099
4100
3790
3791
3792
3793
3794
6187
4190
4240
4246
4248
4249
4251
4290
4291
5364
5372
5373
5455
5456
5521
5845
5846
5847
5848
5849
5850
3798
5844
4733
5803
5435
6341
3893
4345
4346
4347
4348
4449
5143
3835
3836
4950
4427
4428
4861
5109
3846
3849
3855
3858
3864
3866
3869
5109
6083
6120
6121
6122
6123
6124
6125
6126
6127
6128
6129
4427
6070
3873
4466
6175
5063
5462
5377
4392
5305
5971
6153
6154
6155
6156
6157
6158
6159
5191
5192
5206
5207
5208
5209
5210
5211
5212
5213
5214
4095
4180
4181
4182
4183
4184
4185
4186
4187
4188
3901
3902
3903
3904
3905
3906
3907
3908
3909
3910
3911
3912
3913
3914
3915
3916
3917
3918
3919
3920
4090
6311
4481
5860
5462
6208
5473
5906
6327
6328
4308
4607
4917
4582
3937
4110
5476
5914
5949
6313
6314
6315
6316
4110
4110
6465
5320
4338
5347
6380
3947
3948
3949
3950
5434
3955
3960
3961
3962
3963
3964
4117
4118
4119
4120
4121
4122
4123
4124
4125
4126
4127
4128
4129
6153
4722
4753
6145
4984
3998
4722
5790
5602
4284
5375
5892
5969
4061
4062
4537
4262
4284
4083
4158
4334
5506
5855
5856
4262
4106
4104
4344
4108
4111
4114
4115
4305
4305
6205
6324
6325
6326
5511
5867
5926
4318
4318
5335
6186
6336
4323
5509
5510
5366
5342
4913
4262
4558
5760
4172
4173
4174
4175
4176
5867
4178
4179
4360
4365
5357
5891
5967
6348
4201
4360
4361
4362
4363
4364
4365
4366
4367
4368
4369
4370
4371
5487
4191
4192
4193
4194
4195
4196
4197
4198
4199
4244
4244
4202
4311
5408
6180
6181
6182
5422
5868
5869
5870
5871
5872
4331
5387
6202
4274
4368
4244
5455
5456
4920
5372
6361
6383
5895
6372
5374
4913
4290
4291
4292
4293
4294
4297
5448
5522
4350
4353
4929
5368
5440
5441
5442
5443
5444
5923
6206
6253
6318
6344
5359
5928
5929
5930
6181
4481
5417
4338
5414
6342
4338
4355
4875
6055
6190
6191
6192
6193
6194
5498
5499
5500
5842
5882
5883
6462
6463
6300
4547
5859
4575
4355
5345
5416
5582
4363
4369
4371
5376
6201
6347
6348
5357
6332
6473
6446
4747
4748
4749
4750
4751
4717
5066
5070
5749
5750
4547
4963
4471
4471
4419
6469
4865
4866
5034
5143
5180
6111
5225
4444
4452
5180
5143
5180
4457
5033
5341
4962
5842
6442
5042
5043
4571
5305
5306
5984
5445
5446
5912
5961
5965
5966
6185
6293
6301
6302
6303
6304
6305
6306
6307
6308
6309
5523
5524
5525
5526
5527
5528
5529
5530
5531
5532
5533
5534
5535
6261
4793
4817
5145
5146
4608
5035
5129
5130
5131
5132
5133
5134
5135
5136
5137
5138
5139
5368
5369
5361
5943
5944
5945
5946
5453
5863
5864
6196
6330
5414
4843
5653
5229
5230
5177
5175
5170
5193
5835
4690
6433
5701
4756
4757
4740
4741
4742
4743
6116
6117
6118
4774
4775
5281
5144
5301
4851
4852
4854
5037
5101
5057
5058
5414
5596
5658
5704
5706
5710
5713
5814
5818
6432
5948
6209
5645
6167
5356
6263
6264
6265
5850
5283
6168
4925
4988
4989
4999
5006
5015
5017
5021
5023
5823
5824
6166
5371
5483
5484
5752
5104
5105
5106
5107
5108
5653
5654
4988
6413
4997
5004
5007
6402
6449
6450
6451
5023
5823
6470
6176
6177
6178
5002
5006
5824
6403
5022
5036
5037
5174
6459
5060
5174
5179
5186
5216
5233
5239
5795
5838
5839
6392
5686
5097
5117
5238
6058
6113
6114
6115
5184
5217
5189
6386
5175
6119
5175
5176
5218
5221
5223
6096
6110
6138
6108
6103
5233
5175
5176
5768
5178
5179
5220
5221
5222
5223
5224
5759
5216
5217
5219
6096
5240
5554
6146
5318
5875
5865
5866
5884
5351
5407
5890
5862
5862
5416
5481
6461
5630
5466
5467
5851
5852
5853
5414
5938
5364
5762
5414
5857
5858
6277
5469
6343
5439
5908
5909
6247
5896
6312
6268
6377
6299
5955
5894
5462
5861
6281
6282
6283
6188
6256
6338
6339
6340
5887
5888
5889
5906
5907
6322
6225
6288
5880
5626
5669
5810
5979
5580
5970
5791
6435
5690
6056
5756
5944
5702
5831
5831
5757
5809
6286
6046
6049
5835
5879
6210
6367
5958
5959
5960
5877
5880
5881
5969
6373
6466
6362
5903
6270
6317
6195
5924
6325
5927
5932
6321
6371
6328
6467
6341
6468
5949
5962
5963
5964
5965
5966
6184
6436
6148
6130
6131
6111
6139
6388
6472
6164
6184
6464
6249
6253
6224
6363
6319
6364
6299
6254
6255
6256
6257
6267
6270
6310
6331
6321
6322
6323
6345
