0
347
363
372
388
397
409
414
433
440
495
504
504
504
534
548
548
556
568
568
582
594
656
665
681
696
761
823
827
838
849
864
883
888
889
893
894
904
904
911
923
962
980
980
980
983
994
998
999
1018
1021
1031
1034
1035
1062
1065
1079
1148
1160
1171
1187
1193
1194
1217
1221
1227
1235
1245
1306
1314
1318
1319
1321
1337
1342
1342
1352
1353
1357
1364
1371
1390
1392
1418
1420
1427
1437
1442
1451
1462
1467
1468
1474
1489
1494
1510
1513
1520
1522
1561
1571
1578
1591
1595
1606
1629
1637
1642
2685
2694
2721
2723
2731
2732
2760
2760
2773
2782
2785
2809
2849
2852
2858
2902
2911
2913
2915
2917
2929
2948
2952
2961
2966
2975
2986
2995
3002
3125
3134
3134
3141
3145
3159
3183
3189
3195
3196
3201
3203
3211
3217
3223
3225
3228
3229
3230
3231
3236
3236
3248
3257
3258
3271
3275
3277
3278
3283
3286
3289
3294
3309
3336
3352
3376
3383
3384
3392
3396
3399
3408
3408
3419
3425
3426
3426
3435
3447
3469
3477
3500
3501
3502
3502
3503
3504
3513
3518
3525
3532
3542
3567
3589
3590
3591
3617
3627
3627
3628
3629
3633
3633
3633
3649
3657
3676
3682
3682
3683
3684
3688
3689
3691
3694
3698
3708
3719
3721
3725
3728
3729
3730
3732
3739
3747
3748
3749
3749
3763
3763
3772
3790
3790
3790
3798
3801
3802
3803
3810
3810
3817
3825
3827
3831
3852
3852
3857
3857
3857
3865
3869
3870
3872
3883
3884
3885
3885
3892
3895
3895
3897
3898
3898
3918
3928
3931
3933
3935
3936
3953
3953
3953
3962
3965
3965
3965
3968
3977
3977
3977
3978
3978
3981
3985
3985
3985
3985
3985
3985
3988
3988
3992
3994
3995
3998
4001
4010
4011
4012
4012
4017
4018
4019
4021
4023
4028
4029
4035
4035
4035
4036
4037
4039
4039
4045
4047
4051
4052
4053
4053
4053
4054
4055
4056
4056
4057
4058
4058
4058
4058
4058
4060
4060
4060
4060
4060
4060
4060
4060
4060
4285
4289
4309
4312
4334
4434
4459
4496
4498
4515
4515
4538
4580
4599
4616
4709
4715
4719
4812
4840
4870
4893
4960
4962
4978
5063
5125
5139
5258
5259
5311
5312
5321
5331
5340
5341
5343
5349
5351
5381
5412
5454
5457
5509
5545
5549
5577
5646
5666
5703
5730
5734
5796
5796
5841
5854
5894
5901
5903
5915
5956
5980
5989
5990
6064
6074
6218
6234
6250
6294
6311
6349
6375
6389
6437
6482
6492
6506
6518
6523
6611
6619
6642
6687
6724
6730
6751
6757
6797
6805
6853
6885
6894
6897
6903
6904
6929
6943
6954
6954
6955
6960
6974
6989
7012
7014
7015
7036
7067
7078
7093
7098
7132
7162
7171
7190
7191
7232
7238
7240
7240
7250
7256
7270
7272
7285
7294
7368
7369
7374
7377
7396
7400
7408
7421
7612
7690
7692
7697
7706
7717
7724
7728
7730
7760
7782
7791
7798
7815
7844
7845
7846
7882
7883
7885
7905
7928
7932
7958
7979
7985
7989
7996
8006
8017
8050
8069
8088
8092
8138
8141
8147
8158
8159
8164
8172
8189
8203
8273
8279
8282
8284
8284
8293
8294
8294
8295
8295
8298
8306
8346
8348
8350
8352
8362
8367
8382
8389
8393
8396
8398
8399
8399
8400
8400
8421
8422
8423
8430
8431
8433
8446
8448
8458
8458
8478
8478
8478
8502
8517
8517
8517
8517
8517
8517
8548
8557
8567
8580
8601
8622
8656
8709
8710
8728
8748
8760
8760
8764
8769
8780
8797
8805
8815
8848
8848
8853
8867
8904
8920
8932
8950
8966
8977
8977
8989
8996
9007
9068
9068
9068
9082
9082
9091
9099
9099
9104
9119
9132
9145
9158
9170
9178
9180
9186
9191
9191
9198
9205
9219
9226
9234
9249
9253
9265
9270
9274
9284
9292
9374
9374
9376
9386
9433
9433
9442
9446
9451
9452
9460
9460
9462
9469
9507
9507
9515
9524
9525
9525
9526
9533
9539
9539
9544
9548
9548
9550
9552
9553
9553
9553
9554
9556
9556
9557
9557
9557
9558
9559
9562
9565
9566
9568
9568
9568
9568
9568
9568
9738
9765
9808
9815
9823
9828
9828
9841
9892
9929
9956
10001
10067
10068
10073
10090
10096
10135
10139
10203
10217
10226
10252
10266
10272
10287
10297
10355
10364
10372
10383
10386
10410
10461
10475
10477
10485
10495
10530
10535
10560
10578
10610
10621
10629
10645
10654
10660
10675
10679
10687
10697
10712
10732
10737
10749
10755
10757
10758
10793
10796
10834
10845
10846
10847
10852
10874
10881
10897
10910
10914
10915
10926
10928
10944
10950
10957
10965
10981
10989
11007
11011
11017
11025
11037
11044
11052
11071
11088
11088
11095
11100
11106
11115
11129
11152
11157
11165
11179
11180
11183
11194
11195
11199
11200
11204
11217
11224
11226
11231
11235
11243
11245
11249
11263
11263
11265
11270
11280
11304
11309
11315
11316
11318
11328
11331
11335
11336
11342
11355
11357
11362
11364
11376
11386
11387
11390
11403
11420
11424
11427
11433
11451
11455
11465
11466
11466
11466
11470
11472
11473
11474
11476
11476
11478
11478
11479
11479
11480
11481
11481
11482
11482
11482
11482
11482
11483
11483
11483
11483
11493
11504
11508
11509
11510
11515
11537
11543
11545
11546
11550
11556
11556
11557
11562
11565
11569
11571
11573
11573
11578
11579
11582
11584
11584
11585
11587
11587
11588
11589
11590
11590
11591
11591
11591
11591
11591
11591
11591
11591
11714
11779
11816
11818
11830
11863
11907
11939
11940
11953
12029
12041
12071
12082
12086
12086
12093
12135
12149
12179
12325
12449
12449
12473
12485
12589
12617
12624
12668
12831
12851
12922
12930
12934
12977
12990
13052
13074
13154
13160
13184
13190
13216
13231
13246
13298
13356
13367
13402
13404
13564
13674
13706
13727
13735
13754
13833
13938
13986
13994
14003
14063
14085
14130
14228
14239
14260
14289
14313
14326
14436
14535
14567
14593
14607
14635
14652
14668
14677
14727
14742
14766
14864
14872
14991
15033
15096
15152
15186
15192
15200
15205
15242
15275
15302
15317
15342
15482
15507
15567
15570
15660
15666
15737
15749
15779
15782
15872
15986
15998
16128
16140
16147
16200
16231
16259
16281
16289
16374
16406
16412
16548
16591
16643
16690
16744
16746
16753
16831
16852
16921
16923
16981
17050
17058
17061
17125
17138
17139
17161
17210
17240
17243
17267
17323
17364
17376
17384
17405
17413
17415
17472
17567
17640
17650
17689
17740
17747
17792
17804
17861
17864
17869
18016
18056
18064
18082
18098
18120
18121
18175
18235
18280
18292
18353
18355
18374
18380
18433
18501
18627
18639
18795
18904
18949
18969
19018
19108
19118
19182
19350
19354
19365
19376
19387
19401
19439
19446
19455
19469
19469
19498
19517
19559
19609
19713
19749
19754
19837
19839
19861
19986
20015
20039
20092
20095
20139
20171
20196
20226
20249
20360
20387
20387
20427
20443
20472
20531
20639
20734
20897
20912
20989
21034
21089
21114
21228
21231
21237
21295
21321
21343
21351
21371
21378
21392
21414
21424
21440
21440
21561
21564
21612
21692
21704
21708
21720
21832
21838
21862
21940
21944
21991
22039
22108
22124
22131
22201
22220
22237
22278
22301
22303
22314
22337
22352
22437
22526
22539
22641
22642
22650
22657
22681
22714
22789
22841
22864
22988
23103
23113
23128
23149
23174
23204
23281
23347
23351
23353
23390
23409
23415
23482
23642
23645
23684
23688
23694
23771
23847
23847
23898
23898
23954
23981
24107
24126
24139
24219
24248
24272
24305
24310
24345
24352
24407
24505
24516
24516
24534
24555
24609
24618
24648
24738
24783
24801
24801
24812
24878
24906
24938
25043
25048
25052
25064
25132
25205
25212
25237
25263
25280
25284
25292
25392
25399
25400
25400
25401
25494
25583
25614
25641
25668
25688
25730
25731
25733
25736
25755
25764
25846
25852
25939
25940
25999
26061
26094
26112
26145
26146
26223
26242
26269
26316
26344
26382
26406
26446
26478
26488
26533
26590
26639
26700
26773
26806
26839
26849
26850
26864
26867
26908
26925
26940
26942
27007
27031
27047
27116
27129
27148
27156
27181
27193
27207
27261
27276
27291
27315
27332
27343
27367
27384
27415
27431
27478
27523
27544
27553
27553
27586
27596
27681
27757
27841
27865
27883
27949
28032
28060
28085
28116
28188
28233
28310
28316
28338
28398
28454
28455
28495
28513
28533
28549
28589
28726
28727
28730
28745
28758
28770
28807
28859
28882
28967
28968
28979
28987
29011
29040
29134
29135
29165
29229
29248
29251
29289
29302
29344
29450
29558
29574
29601
29649
29660
29677
29679
29683
29693
29693
29697
29746
29773
29878
29968
29986
30012
30012
30013
30036
30042
30063
30152
30159
30165
30205
30207
30227
30265
30279
30293
30307
30365
30376
30384
30393
30424
30428
30444
30507
30509
30518
30537
30615
30626
30630
30660
30671
30684
30715
30748
30759
30776
30777
30889
30913
30924
30935
30963
30973
31000
31011
31021
31040
31047
31048
31052
31066
31070
31086
31159
31178
31224
31241
31255
31273
31285
31307
31310
31375
31405
31421
31465
31485
31487
31520
31526
31536
31637
31637
31697
31711
31737
31768
31849
31885
31906
31907
31931
31934
31940
31948
31982
32027
32035
32053
32101
32107
32132
32132
32153
32206
32220
32223
32285
32286
32296
32307
32330
32349
32366
32369
32373
32381
32387
32412
32420
32440
32476
32478
32488
32500
32557
32560
32572
32581
32602
32616
32640
32714
32729
32735
32751
32809
32813
32884
32920
32940
32960
32970
32975
33010
33028
33078
33086
33104
33117
33140
33166
33187
33191
33225
33262
33292
33300
33327
33336
33341
33353
33354
33404
33416
33430
33443
33514
33517
33531
33596
33614
33621
33687
33688
33762
33762
33770
33773
33819
33826
33846
33855
33867
33876
33895
33939
33968
33985
34010
34025
34033
34055
34216
34226
34226
34261
34261
34276
34309
34385
34391
34391
34407
34417
34494
34525
34556
34560
34570
34575
34584
34602
34647
34695
34701
34748
34756
34759
34810
34864
34892
34903
34905
34939
34966
35024
35040
35106
35172
35196
35201
35215
35254
35261
35295
35334
35392
35451
35484
35491
35499
35516
35517
35533
35538
35548
35549
35575
35579
35586
35593
35607
35630
35639
35666
35668
35671
35689
35718
35738
35755
35761
35773
35778
35788
35793
35795
35818
35839
35841
35852
35869
35871
35877
35899
35903
35922
35958
36021
36022
36058
36076
36082
36115
36147
36151
36159
36166
36170
36176
36202
36206
36212
36218
36221
36234
36237
36245
36282
37060
37084
37090
37098
37126
37162
37162
37170
37175
37176
37181
37189
37193
37197
37200
37205
37207
37208
37221
37227
37236
37240
37248
37290
37290
37301
37306
37306
37331
37331
37374
37386
37393
37422
37540
37543
37550
37574
37584
37602
37612
37620
37628
37632
37636
37653
37696
37698
37708
37716
37728
37755
37783
37800
37802
37806
37810
37826
37838
37843
37848
37850
37884
37889
37890
37891
37911
37922
37938
37953
37958
37958
37959
37978
37989
37990
37990
38012
38012
38018
38018
38030
38037
38038
38068
38072
38076
38079
38090
38093
38101
38102
38103
38103
38104
38108
38112
38116
38127
38142
38146
38147
38160
38166
38166
38179
38182
38201
38202
38220
38229
38240
38250
38251
38255
38275
38304
38305
38307
38309
38328
38332
38335
38338
38338
38351
38362
38369
38374
38391
38391
38393
38404
38409
38412
38419
38427
38429
38430
38440
38444
38444
38449
38464
38469
38471
38471
38473
38478
38487
38487
38498
38499
38501
38501
38511
38511
38515
38523
38524
38528
38530
38532
38533
38535
38538
38540
38540
38541
38541
38541
38541
38541
38547
38550
38551
38552
38555
38558
38563
38566
38567
38567
38572
38576
38577
38578
38581
38583
38585
38586
38586
38587
38588
38589
38592
38594
38598
38598
38598
38600
38601
38602
38603
38606
38606
38606
38606
38606
38607
38608
38608
38608
38609
38610
38612
38612
38613
38614
38614
38615
38615
38615
38615
38615
38616
38616
38616
39364
39381
39427
39437
39513
39702
39861
39914
40033
40071
40084
40139
40144
40266
40397
40449
40470
40617
40629
40664
40752
40762
40773
40817
40837
40840
41025
41100
41188
41403
41440
41627
41654
41787
41970
42081
42178
42185
42196
42252
42267
42385
42463
42547
42554
42587
42616
42726
42768
42774
42953
43034
43124
43142
43305
43305
43333
43336
43402
43567
43626
43677
43682
43713
43744
43751
43764
43928
43972
44022
44040
44225
44389
44596
44739
44772
44793
44871
44886
44923
44936
45119
45173
45220
45223
45346
45387
45410
45433
45475
45550
45589
45621
45758
45791
45940
45946
45973
46044
46067
46075
46078
46084
46087
46098
46103
46134
46150
46290
46314
46341
46362
46390
46408
46491
46515
46607
46636
46800
46846
46971
47123
47130
47153
47169
47318
47425
47517
47649
47654
47733
47883
47903
48054
48154
48328
48344
48372
48385
48393
48478
48575
48708
48765
48863
48897
48958
49120
49207
49234
49294
49412
49564
49583
49588
49615
49726
49865
49876
49974
50073
50234
50364
50400
50415
50515
50677
50677
50684
50813
50827
50944
51053
51077
51185
51302
51456
51473
51621
51647
51679
51815
51821
51936
51951
51969
52055
52066
52071
52126
52226
52369
52502
52510
52513
52543
52664
52763
52792
52930
53047
53054
53064
53161
53197
53301
53439
53451
53466
53579
53684
53831
53953
54038
54072
54154
54219
54245
54254
54397
54464
54584
54639
54699
54746
54779
54873
54998
55116
55132
55285
55348
55401
55430
55445
55473
55531
55618
55750
55804
55811
55900
56008
56041
56057
56075
56082
56102
56115
56171
56179
56197
56261
56346
56351
56354
56355
56424
56438
56468
56597
56613
56689
56693
56765
56774
56776
56837
56910
56921
56926
57004
57126
57132
57143
57235
57361
57433
57539
57590
57610
57617
57680
57680
57740
57750
57781
57885
57994
58113
58136
58189
58191
58198
58330
58346
58360
58381
58441
58472
58561
58628
58645
58673
58752
58762
58885
58887
59005
59029
59055
59122
59191
59204
59235
59240
59260
59384
59387
59407
59448
59579
59598
59641
59659
59734
59743
59765
59886
59946
59967
60002
60117
60121
60168
60231
60240
60251
60307
60310
60316
60407
60449
60454
60456
60543
60572
60605
60610
60679
60687
60692
60724
60727
60860
60898
60961
60961
60969
61060
61074
61112
61129
61228
61309
61317
61408
61469
61499
61502
61577
61652
61673
61700
61711
61745
61754
61827
61919
61924
61985
62009
62061
62072
62088
62103
62112
62192
62251
62254
62301
62310
62344
62348
62404
62476
62550
62649
62658
62682
62692
62732
62740
62768
62772
62791
62804
62852
62861
62863
62883
62969
63061
63090
63176
63230
63295
63348
63365
63455
63493
63550
63617
63628
63683
63696
63732
63815
63908
63913
63927
63949
63992
64014
64031
64145
64210
64220
64229
64260
64329
64364
64438
64451
64521
64525
64526
64587
64588
64602
64610
64678
64699
64713
64721
64737
64758
64840
64899
64906
64935
64938
65007
65010
65080
65114
65127
65137
65138
65208
65209
65219
65281
65290
65344
65363
65363
65372
65387
65406
65447
65454
65486
65549
65571
65583
65623
65647
65653
65662
65665
65670
65725
65728
65734
65765
65819
65879
65953
65959
65966
65970
66033
66044
66054
66070
66107
66140
66160
66162
66164
66213
66217
66228
66237
66245
66305
66328
66373
66375
66382
66428
66444
66449
66475
66475
66491
66496
66503
66504
66505
66512
66518
66536
66585
66598
66605
66618
66622
66647
66649
66651
66656
66657
66658
66658
66679
66687
66741
66767
66788
66817
66879
66894
66895
66928
66976
67013
67013
67043
67057
67070
67077
67089
67095
67123
67145
67151
67156
67157
67199
67201
67236
67272
67277
67278
67282
67304
67308
67330
67373
67374
67383
67420
67423
67426
67437
67459
67503
67516
67528
67529
67564
67565
67595
67639
67654
67675
67701
67720
67734
67736
67738
67741
67755
67755
67761
67766
67800
67831
67833
67835
67837
67843
67880
67881
67883
67889
67892
67896
67921
67935
67936
67937
67947
67960
67970
67996
68000
68000
68037
68085
68086
68086
68115
68118
68119
68146
68176
68205
68225
68251
68267
68283
68304
68309
68313
68340
68369
68390
68392
68409
68435
68436
68438
68450
68451
68451
68453
68456
68456
68475
68488
68506
68511
68513
68534
68547
68547
68548
68554
68564
68565
68574
68594
68594
68600
68607
68627
68637
68646
68662
68665
68665
68665
68672
68682
68684
68699
68713
68729
68732
68746
68748
68756
68768
68771
68773
68777
68787
68787
68788
68791
68801
68805
68808
68809
68816
68826
68826
68827
68831
68838
68844
68850
68859
68860
68863
68867
68868
68868
68875
68875
68875
68879
68880
68883
68886
68891
68892
68895
68896
68896
68902
68903
68906
68909
68909
68909
68909
68909
68909
68910
68910
68910
68913
68915
68916
68916
69014
69050
69075
69157
69206
69266
69285
69318
69412
69430
69435
69471
69498
69566
69602
69681
69692
69697
69788
69839
69882
69897
69970
69996
70007
70029
70048
70057
70116
70145
70147
70150
70164
70250
70260
70278
70292
70356
70367
70381
70404
70424
70439
70439
70461
70522
70535
70564
70574
70585
70613
70656
70686
70687
70718
70807
70855
70891
70984
71030
71034
71036
71044
71108
71112
71127
71138
71172
71229
71311
71336
71343
71366
71390
71405
71409
71424
71496
71523
71523
71575
71684
71726
71737
71766
71779
71790
71858
71903
71977
72008
72012
72056
72158
72235
72273
72342
72383
72403
72409
72431
72448
72499
72515
72557
72567
72571
72597
72606
72642
72654
72681
72728
72733
72754
72759
72825
72911
72927
72975
73031
73111
73139
73161
73195
73273
73312
73313
73328
73333
73342
73343
73430
73444
73462
73511
73530
73531
73538
73601
73608
73616
73634
73641
73648
73685
73702
73703
73718
73759
73764
73780
73797
73797
73838
73846
73849
73856
73876
73887
73894
73902
73932
73935
73950
73955
74013
74079
74101
74117
74130
74153
74225
74231
74262
74283
74292
74293
74391
74419
74443
74443
74463
74483
74501
74521
74532
74546
74612
74641
74657
74664
74712
74739
74742
74754
74755
74768
74781
74783
74791
74844
74921
74969
74995
75054
75109
75121
75171
75189
75222
75277
75331
75362
75399
75409
75485
75493
75506
75552
75582
75588
75595
75599
75600
75609
75636
75644
75657
75718
75732
75754
75759
75800
75807
75836
75870
75874
75877
75886
75941
75946
75948
75997
76044
76104
76124
76138
76184
76231
76271
76302
76346
76377
76435
76484
76491
76505
76542
76576
76605
76606
76614
76635
76676
76685
76737
76788
76813
76818
76848
76873
76886
76899
76909
76954
76995
77009
77057
77085
77090
77095
77130
77182
77206
77237
77250
77262
77277
77315
77391
77392
77409
77416
77444
77491
77499
77530
77540
77584
77591
77599
77602
77613
77625
77677
77687
77694
77722
77757
77757
77766
77820
77843
77844
77870
77885
77899
77905
77907
77920
77928
77940
77954
77979
78016
78033
78058
78096
78102
78143
78190
78219
78247
78256
78283
78290
78291
78304
78341
78359
78408
78408
78423
78455
78455
78467
78474
78484
78500
78521
78525
78540
78556
78560
78576
78618
78638
78677
78691
78726
78758
78768
78778
78802
78842
78874
78878
78896
78900
78900
78913
78948
78977
79031
79047
79047
79103
79118
79139
79153
79163
79171
79173
79176
79196
79211
79219
79264
79270
79328
79348
79355
79383
79386
79411
79418
79425
79426
79468
79474
79490
79493
79511
79528
79535
79542
79550
79559
79594
79594
79617
79631
79633
79639
79689
79720
79746
79761
79773
79784
79849
79852
79879
79890
79911
79938
79944
79972
80005
80005
80012
80021
80024
80032
80052
80073
80089
80093
80108
80172
80197
80208
80227
80233
80266
80291
80302
80309
80318
80350
80356
80392
80406
80437
80490
80507
80526
80540
80579
80579
80583
80592
80605
80605
80608
80609
80611
80621
80622
80626
80670
80673
80673
80680
80708
80724
80731
80739
80773
80778
80791
80792
80800
80833
80860
80860
80876
80890
80928
80935
80973
80976
81011
81012
81019
81025
81036
81039
81048
81051
81073
81078
81079
81080
81085
81093
81108
81132
81146
81151
81183
81189
81202
81204
81215
81230
81238
81260
81263
81265
81290
81290
81304
81333
81340
81355
81375
81383
81389
81405
81410
81416
81422
81433
81448
81454
81481
81490
81493
81525
81527
81543
81559
81566
81582
81597
81600
81606
81613
81619
81628
81635
81652
81660
81660
81661
81662
81679
81686
81693
81697
81707
81730
81741
81752
81754
81759
81762
81762
81767
81780
81795
81803
81806
81812
81819
81825
81849
81873
81878
81881
81887
81888
81891
81894
81914
81923
81925
81927
81928
81955
81966
81971
81975
81993
82000
82012
82021
82030
82047
82052
82061
82068
82077
82080
82099
82100
82101
82101
82101
82114
82119
82134
82140
82144
82160
82162
82168
82192
82197
82197
82203
82209
82214
82217
82227
82241
82245
82245
82275
82278
82287
82292
82299
82310
82319
82327
82341
82344
82348
82358
82361
82363
82364
82368
82371
82373
82379
82379
82382
82384
82386
82390
82391
82396
82397
82400
82405
82425
82441
82442
82443
82451
82454
82458
82465
82467
82470
82489
82495
82504
82506
82507
82516
82516
82517
82522
82529
82530
82533
82543
82544
82554
82563
82568
82579
82584
82586
82592
82601
82602
82610
82610
82616
82618
82619
82621
82623
82629
82629
82638
82646
82650
82656
82661
82663
82663
82665
82665
82668
82668
82668
82668
82668
82672
82675
82679
82680
82680
82683
82684
82684
82687
82687
82692
82697
82698
82698
82699
82703
82706
82706
82707
82710
82714
82718
82719
82720
82720
82723
82725
82726
82726
82726
82730
82730
82730
82730
82732
82733
82734
82734
82734
82734
82736
82738
82738
82739
82739
82739
82740
82740
82740
82741
82742
82742
82742
82742
82742
82742
82742
82742
82742
82742
82742
83284
83307
83315
83339
83344
83388
83409
83413
83419
83429
83434
83479
83521
83538
83538
83553
83553
83565
83601
83645
83650
83669
83683
83709
83715
83733
83756
83784
83799
83821
83823
83850
83872
83885
83908
83921
83937
83951
83980
83993
83998
84014
84028
84050
84062
84073
84085
84097
84112
84140
84148
84190
84194
84207
84225
84233
84249
84252
84299
84315
84337
84353
84372
84390
84429
84436
84448
84454
84473
84516
84523
84541
84560
84576
84595
84606
84610
84647
84654
84665
84676
84704
84718
84725
84771
84778
84789
84802
84832
84853
84872
84900
84926
84930
84936
84948
84957
84975
84988
84997
85000
85016
85025
85050
85059
85085
85089
85093
85155
85166
85176
85181
85190
85202
85205
85210
85233
85245
85259
85267
85290
85324
85342
85344
85354
85364
85376
85388
85390
85394
85405
85430
85450
85450
85464
85470
85483
85496
85498
85527
85566
85586
85597
85601
85607
85608
85613
85652
85655
85683
85697
85699
85700
85722
85735
85742
85773
85779
85788
85848
85848
85852
85877
85880
85892
85901
85907
85953
85979
85982
85986
85999
86017
86030
86061
86075
86082
86087
86098
86107
86129
86141
86144
86156
86162
86169
86180
86187
86210
86214
86223
86237
86260
86264
86270
86274
86313
86322
86338
86355
86357
86365
86370
86393
86400
86411
86430
86435
86442
86451
86455
86465
86470
86470
86489
86492
86495
86503
86513
86528
86535
86542
86548
86552
86556
86562
86570
86576
86579
86582
86595
86600
86605
86617
86623
86645
86645
86663
86671
86672
86694
86695
86701
86726
86729
86732
86742
86774
86777
86777
86794
86794
86795
86809
86810
86826
86836
86838
86842
86850
86860
86864
86864
86868
86877
86894
86903
86904
86924
86935
86945
86953
86953
86966
86981
86984
86996
87009
87015
87017
87019
87035
87043
87050
87062
87076
87077
87077
87087
87095
87098
87108
87108
87117
87134
87134
87136
87154
87158
87166
87178
87190
87197
87205
87214
87217
87225
87226
87228
87229
87239
87239
87243
87257
87260
87267
87276
87277
87280
87300
87308
87328
87335
87338
87343
87350
87355
87368
87370
87375
87380
87391
87393
87393
87396
87400
87403
87410
87413
87421
87423
87425
87430
87436
87438
87450
87455
87461
87465
87472
87473
87474
87477
87493
87500
87505
87524
87539
87541
87544
87554
87554
87559
87570
87572
87575
87579
87591
87593
87596
87596
87596
87601
87609
87610
87610
87613
87614
87618
87618
87622
87624
87628
87628
87638
87651
87654
87667
87671
87685
87685
87689
87695
87723
87729
87729
87740
87741
87746
87754
87757
87774
87774
87775
87781
87792
87793
87794
87798
87798
87801
87802
87804
87804
87813
87820
87820
87821
87822
87822
87824
87830
87832
87838
87840
87842
87843
87844
87844
87847
87849
87853
87859
87866
87867
87870
87880
87883
87884
87884
87895
87896
87897
87899
87899
87899
87901
87908
87908
87912
87913
87915
87917
87918
87923
87925
87926
87927
87927
87932
87933
87934
87935
87942
87944
87950
87953
87953
87953
87960
87962
87962
87966
87966
87966
87967
87967
87970
87973
87974
87974
87977
87977
87981
87981
87981
87981
87985
87986
87993
87994
87994
87995
87998
87999
87999
88002
88002
88002
88002
88003
88009
88010
88011
88011
88011
88012
88014
88016
88016
88019
88022
88022
88023
88025
88025
88025
88025
88025
88027
88028
88028
88028
88029
88029
88030
88030
88031
88031
88032
88032
88033
88033
88033
88033
88033
88033
88033
88033
88033
88033
88033
88033
88091
88098
88111
88112
88112
88117
88124
88125
88129
88133
88136
88137
88139
88142
88150
88155
88157
88164
88173
88175
88180
88181
88185
88188
88194
88194
88195
88197
88197
88200
88200
88201
88201
88204
88210
88210
88211
88214
88216
88218
88223
88225
88225
88229
88229
88229
88230
88233
88233
88233
88233
88234
88234
88234
88234
88234
88234
88234
88234
